c(0.0143430922897108, 0.201469260063962, 0.220215196924865, 0.151551128277435, 0.467399131722558, -0.293577465828483, 0.463802490302108, 0.617297944082236, -0.0536515127443145, 0.0162664539079867, -0.131489963108766, 1.07118971989716)
c(2.08794340014003e-05, -3.82187157577095e-05, -5.75051512361843e-05, 6.99743206791747e-05, 3.16292074294784e-05, 3.09820751063475e-05, 5.13400711966879e-05, 1.21058513362505e-05, 1.56152516711642e-05, 7.64299736765329e-07, 1.31057474714118e-05, -3.5847148426305e-05, -3.82187157577095e-05, 0.0100994713098732, -7.34782661194073e-05, -0.00142670180972079, -0.000268285118632737, -5.78659957374817e-05, 6.14876884585717e-05, 0.000255845320262239, -3.81240006377115e-05, 1.36403287761586e-05, 0.000190286588923057, 
0.000276739567550007, -5.75051512361843e-05, -7.34782661194073e-05, 0.0109012300519687, -0.00132030437538421, -0.000174840699356402, 0.000593234800925942, -0.000450314831035584, -0.0003611896346984, 0.000141340712479085, -4.07552712031313e-05, -0.000668249590187411, -0.000726867040814431, 6.99743206791747e-05, -0.00142670180972079, -0.00132030437538421, 0.0322660800026139, -0.00404404226206208, -0.00172803783385789, -0.00017139970179023, -0.000658353649000776, -0.000140526012624794, 2.82092623763479e-05, 
0.000261994531174839, -0.000139570758072557, 3.16292074294784e-05, -0.000268285118632737, -0.000174840699356402, -0.00404404226206208, 0.0116826478372085, -0.000247185904256742, -0.00116014233623671, -0.00174709218131045, -4.59696768717609e-06, 2.3128800031351e-05, 0.000192552026261017, -0.000724999003186801, 3.09820751063475e-05, -5.78659957374817e-05, 0.000593234800925942, -0.00172803783385789, -0.000247185904256742, 0.0126300633148366, -0.000585861936925524, -0.000412653160562943, -0.000137868013701921, 
1.59847309117472e-05, -0.000153122291718224, 0.00225672384384688, 5.13400711966879e-05, 6.14876884585717e-05, -0.000450314831035584, -0.00017139970179023, -0.00116014233623671, -0.000585861936925524, 0.0156425576027707, 0.000212651959070272, -0.000121328890596346, 3.54679684779511e-05, -7.90706420574827e-06, -0.00237908951832079, 1.21058513362505e-05, 0.000255845320262239, -0.0003611896346984, -0.000658353649000776, -0.00174709218131045, -0.000412653160562943, 0.000212651959070272, 0.00455759138837667, 
-0.000247414006059418, -5.99687068588334e-06, -0.000109616948987603, -0.000899682999890306, 1.56152516711642e-05, -3.81240006377115e-05, 0.000141340712479085, -0.000140526012624794, -4.59696768717609e-06, -0.000137868013701921, -0.000121328890596346, -0.000247414006059418, 0.000246392506607024, 1.4553456637082e-06, -6.42786988280963e-06, -0.000190178198017035, 7.64299736765329e-07, 1.36403287761586e-05, -4.07552712031313e-05, 2.82092623763479e-05, 2.3128800031351e-05, 1.59847309117472e-05, 3.54679684779511e-05, 
-5.99687068588334e-06, 1.4553456637082e-06, 2.43885705369587e-05, 4.1585048973095e-06, -3.19845595379912e-05, 1.31057474714118e-05, 0.000190286588923057, -0.000668249590187411, 0.000261994531174839, 0.000192552026261017, -0.000153122291718224, -7.90706420574827e-06, -0.000109616948987603, -6.42786988280963e-06, 4.1585048973095e-06, 0.00301644924798556, 0.000193581959067151, -3.5847148426305e-05, 0.000276739567550007, -0.000726867040814431, -0.000139570758072557, -0.000724999003186801, 0.00225672384384688, 
-0.00237908951832079, -0.000899682999890306, -0.000190178198017035, -3.19845595379912e-05, 0.000193581959067151, 0.0256582434627115)
c(-2995.74245368388, -2871.27523952102)
306.326493996002
7
c(-1.75460644753597, -0.0313697139900779, -0.381098222932838, -0.13947101221862, 0.0242050741490867, -0.00423583488249335, 0.203984580007267, 0.20905339258647, -0.673891157791131, -0.411312652005145, 0.223786593609732, -0.398164068634516, -1.6135490399611, -1.37036364777474, -0.781771160300547, 0.71201085609759, 0.206651260085101, 0.67863102458217, 0.381170500063, -0.243738653511771, -0.236793412027247, 0.390475912429888, -0.747311177657231, -0.0859453662963281, 1.82875837064346, -0.118945647073973, 
-0.365215274626633, 0.192662741737409, 0.294356621278431, -0.337284415093516, -0.0436491983025511, -0.0852793982883173, -0.102235348409101, 0.74956706264095, -0.362813142125264, 0.151681023427627, 0.903859311434612, 0.240682043035665, 1.14525073291495, 0.82585621148718, 0.481572146090977, 0.0622038894668862, 0.347985068524294, 0.596736225393727, -1.52923902137252, -1.38308299810783, -0.339104457431707, -0.33730368712214, 0.0902428973075837, -0.336529090047212, -0.332388892647619, -1.16757434159174, 
1.30538003411361, -0.655702925922391, -0.332881570522324, -0.296166493255913, -0.540665030189007, 0.0361460339374284, -0.0398479889178165, 0.134935798636548, -0.585398865475685, -1.94888892978251, 0.139674749694284, -0.0175159050538096, 1.02823754877648, 0.369381591831857, 0.0991600278632658, 0.119426033990875, -0.0520251054776439, -0.425969251517889, -0.147902914551088, -1.11450388616559, -0.5006783003393, -0.36304929889675, -0.400360502886924, -0.55257759917237, 0.301591409587517, -0.37644315781522, 
-0.026563548582474, -0.944909903573765, 0.208571960267144, -0.0551287407785557, 0.834218568272779, -1.36827670280919, 0.0476750377507891, -1.17950372757987, -0.608303160876149, 1.19033494354867, 0.179866503659098, -0.262647652868774, 1.53169518244109, 0.0182912790875438, 1.60616362756694, 1.18388387109086, -0.474146517689549, 1.81770292697661, 1.15600665547072, 0.229611400562497, -0.221031501874447, -1.30775304285573, -0.257002916879457, 0.0303125918460925, -1.62330107322937, -0.646759853896355, 
0.610751903468792, -0.421740391968753, -0.404081359301452, 0.459113401741129, -0.532555216764657, 0.583230176120927, -0.103116549332027, -0.942357546437542, -0.535735971993197, -1.16323871137042, 0.239335987275857, 0.433267132122669, -0.849302562325637, -1.46924791445708, -0.791264225158783, -0.563419100954617, 0.52984802374263, -0.651146678318895, 0.144003153827085, 0.0815619720890379, -0.239001048617041, 0.82272791548729, -0.294974340892518, -0.0802778000589814, -0.406648141385801, -0.583760967166147, 
-1.86493158473109, -0.239001048617041, -1.18479103847926, 0.172023370398495, -0.153608462886788, -1.07958229013352, -1.30640508669106, -0.447275285753564, 0.285015127218055, 0.00242938780667412, -1.62297544471132, -0.560019312001427, -0.59310834115204, -0.157867752264854, -0.475961470332986, -1.22729177443732, -0.176613689125757, 0.112650289169828, -0.432932193463853, 0.633805876602155, -0.502911490419049, -0.531333127422006, 0.100973876957952, -0.734803099555791, -0.439804340672993, -0.781267590873133, 
-0.372893144227176, 0.203111687479285, -0.602647168439014, 1.25335226332591, 0.338074008844002, -0.426127216391293, -0.588039528572838, -0.749146191845502, 1.67992532536897, -1.0100072509249, 1.30098687988605, 0.259075975686675, -0.508922760741552, -0.396025905510618, -0.181000513548296, 0.43641842291728, 0.361427455680037, -0.405966153229137, -0.467741366959172, 0.228077015644178, 0.539017360487685, -1.1095871986261, 1.2148955703057, 2.44817279292259, -0.448594009666724, 0.240419395864066, -0.644873464768143, 
-0.523377571624658, 2.32551792565155, 0.0508910955884456, -0.00465965148523262, 0.955015350673365, -0.164255288757216, 0.960035849468501, 1.91693304295421, -0.263943311283483, -0.0666632555879176, 0.0279852449762292, 0.0976704611236214, 0.195669974650228, -0.336048186576836, -0.374152206059891, 0.300518107181189, 0.369710443745034, -0.0262813867679945, -0.765741192001728, 0.190601162071025, 0.0496933640586259, -0.483403183162043, -0.628990963012679, -0.81904780419937, -1.11744635203536, 0.805461438860359, 
-0.429832023387934, -0.672967018229196, -0.773333129465639, -0.134100155629781, -0.699917038315259, -1.22778824578185, 0.907567643305881, 0.640766962680333, -1.49103271957585, 0.440168511583323, -0.734652874920937, -0.694025730553173, -0.407284877142297, -1.33325870438903, -0.725359323181805, -0.94292711205746, -1.00270161371767, -0.997897348714934, -0.677280505762094, 0.873812646147256, -0.322981759926015, -0.242093739121668, -0.435971061721719, -0.928440464574623, -0.380070863721628, -1.12498446725251, 
-0.517859683120211, -0.0116012068682929, -0.832404548579334, -0.700970972037698, -1.34519966417737, 0.528912463186185, -1.16301802581782, -0.220824677376057, 0.361985160672199, -0.711035502920718, -1.32254747752662, -0.198943469869196, 0.0908654840510601, -0.94714928689702, 2.36221937264585, -0.855132393825837, -1.16301802581782, -0.796131934998695, 0.0601142545802618, -0.149354491475344, 0.480795655951086, 0.798540977867153, -0.483403183162043, 0.648726014083075, 1.173863509901, 0.19393381015687, 
1.83532644030594, -0.153633052882034, -0.65339858618541, 0.246485097308208, 0.764136720408773, -0.288370206484838, -0.216109769411613, 0.149974017703262, 0.482447971868844, -0.225929024746792, -0.724588344037917, -0.46718366196701, -0.339972260264935, 0.66918859968329, -0.120668306895922, 0.58359943448043, 0.21429162834663, 0.208012354870116, 1.28352107076287, 0.205610222368747, 1.8087424151564, 0.718610531835876, 0.454794869236263, -0.821291137776903, -0.385492979424704, -0.289849300189132, -0.640374217808859, 
-0.492894354955318, 1.16717167202113, 1.3499735368179, -0.545162376743426, -0.862220568091205, 0.106011556880775, -0.823699176198375, -0.384986229055238, -0.00273440751509302, -1.54181613871836, -0.123477919754599, 0.984836528050415, 0.0403457474584759, -1.54113421873212, -0.233014135322978, -0.436640525335123, -1.14304841595675, 0.554575365434903, -0.607549736234711, -0.27197765523091, -0.365453331802985, -1.02330795933524, -0.714756359335247, 0.338731407005417, 0.39275241029165, -0.628433258020517, 
-0.755118956126545, -0.0196933017782013, -0.152674153832484, 0.725293396028065, -0.251390513471538, 0.380811450503309, -0.480198070120671, -0.200963696581899, 0.673691342247968, 0.478721606991622, 1.08790485415622, 0.4569613918681, -0.331752156891122, 0.711368541174668, 0.513515194559781, 0.200328586865546, -0.0803471338762747, -0.104282906968452, -0.754790872584641, 0.288540550810852, 0.105673672414667, -0.437731034090216, -0.434839997639811, -0.000777625639564405, 0.240531818400811, -0.066178887485397, 
0.163278983074165, 0.781081056511317, -0.751843382167434, 0.921923260138851, 1.53013068058633, 1.65344334707598, 0.0411731170800422, -0.663440774350723, -0.519285805022681, -1.44378746111066, -0.615408889643966, 0.196801038732135, -0.857505294075692, -0.995800234257018, -0.445814907052145, -0.766431750004986, 1.08898826274443, -1.2396328031821, 0.69090245996906, -0.191500434834266, 0.0329773715190602, -0.496539241989413, -0.769851310355612, -1.06171377425101, -0.967780017685608, 0.00362521893162748, 
-0.220849267371304, -0.801869089410207, -0.508539354153422, -0.737745565425564, -0.276364479653449, -0.902936703446193, -0.974652164894747, -0.623000827107878, 0.674157235177981, 0.542402724492749, 0.233659671191672, 0.018634279229349, -1.24029877119011, -0.795117934584407, -1.14524920310457, -0.203983050196885, -0.535470102210861, -0.519285805022681, -0.677850071382013, -0.663506979092301, -0.426546557376357, -0.130531424254972, -1.13482831258293, -0.632154114435046, -0.895398588229043, 0.129067485669182, 
-0.948368112816694, -0.746898852752732, -0.632154114435046, 0.357943236796332, 0.228855406188934, -0.580673053038289, -1.08613734940197, 0.0828787955973316, -0.878653363437964, -0.287793161293629, 0.955127773210111, 0.839402195445371, -0.719143183757787, 0.742051942218521, 1.0841839977417, -0.32866803623309, 0.3603453692977, 0.150672055277811, 0.702843419757402, 0.0879476081765342, -0.991661937262292, -0.369174188217514, 0.5842779270317, -0.469575834245489, -0.658438166513099, 0.0946987630023344, 
-0.627349849432308, -0.671045094309452, 0.799058316440838, -0.216325430416772, 0.427995073785054, -0.546235825108745, 0.534864609275598, -0.797539339114401, -1.40342486431936, -0.936691700604818, -0.11552236395725, 0.805647198286747, 0.0647149488996059, -0.192042090408543, -0.762946503459989, -1.25223973097846, -0.505853956288822, -1.93654068356866, -0.0480661918867629, 0.372687749517588, -0.319393756522582, 0.211845633821389, -0.14901281353941, -0.30438469622486, 0.0626443955455347, -0.503311559375489, 
-0.553040802181306, -0.628105174478613, -0.658702714089564, -0.54031045624699, -0.768853154534979, -0.203983050196885, -0.706536255961434, 1.01660683328787, -0.0377572504824411, -0.64928487918593, -1.07945665549392, 0.789028711684024, 0.0540716186345702, -0.658438166513099, 0.534114792691988, -1.00574048197554, -1.0292564066157, -0.199580205625693, 0.538601515108014, -0.607991766810156, -0.162352850211118, -0.350989451954166, 0.642804370520725, 0.88071402560791, -0.706657248344774, -0.950368824886518, 
-0.543693428195412, -1.02208428633507, -1.30302321829139, 0.0236299975331664, -0.936025732596807, 0.044918331307402, 1.09089961777596, -0.281204279447719, 1.25261300464577, 0.577352230570456, -0.0971135147063396, 0.613913344982363, 0.994304689595416, 0.473353943122029, -0.0581499947984074, -0.357354220812511, 0.449755288908575, 0.544600016035178, -0.443291782167436, 0.312247279849365, -0.585741865617492, -0.316991624021213, 1.27135894150668, -0.358109545858816, 0.190751386705879, 0.427657986175062, 
0.815803541231916, -1.07221494957243, -0.100914724091075, -0.472210043220973, 0.0229833015537801, -0.218326142486595, -0.314203951560039, 0.523098840025428, -1.08680331740999, -0.35975635331388, -0.474644646824692, 0.392503912133071, -0.216325430416772, -0.585741865617492, -1.1805242695299, -0.948368112816694, 0.110044910910047, -0.907339548017385, -1.56426698001556, 0.573491041573539, 0.241197786408822, 0.630863410732383, 0.68683670300786, 0.506089067657883, -0.526948203404332, 0.544804856994117, 
-1.07246022512027, -0.407188474754204, 0.119035925257325, -0.607746491262315, -0.225864257703745, 0.943155207345957, 0.754028327501881, 0.702843419757402, -1.06751569570557, 1.65928840133688, 0.245721623363354, -0.889596666774485, -1.06577953121222, 0.182426340366612, -0.704134123460065, 0.0912989740491441, -0.00051307806309886, -0.0148561703528101, 0.618521030512495, 1.25248035081021, -0.277362635474083, 0.621872396385105, -0.806937901989409, -0.152256713252287, -1.10614212800351, -0.181067180996209, 
0.0854244832918258, -0.591791517643747, 2.05497207161088, 0.452157421409944, -0.364825165893083, -0.740849200726476, 1.01487066879451, -1.04876975884467, -0.799275503607758, 2.07503323677955, -0.300737176699973, 0.0466544958007602, 0.826670984484517, 0.274286815559435, -0.0774183444741956, 0.444667758542608, -0.720879348251144, 0.216914446400592, -1.04876975884467, 1.90561491482548, -0.24771382986556, 0.858953810484389, -0.0124540378514415, -0.569977480273465, -0.425003925299865, -0.344766565044783, 
-0.649568144549161, -0.61819656210514, -1.29702444436957, 0.749921636582968, 0.767969999360047, -0.861908138646883, 0.718833319502176, 0.985919936638623, 0.445457144688581, -0.376766125681425, -0.847300498780708, 0.4324622511778, -0.387113921927675, 0.29020625438647, -0.385393709412547, 1.31438821837581, -0.667785540498993, -1.1805242695299, 0.404040614174843, 0.871471351973214, -0.801869089410207, -0.0233973411879624, -0.685477543637456, -0.847300498780708, -0.498908714804298, 0.865421699946958, 
1.44840130636928, -0.146610681038041, 1.02414494850502, -1.2874856170826, 0.133379017547036, 0.976893496796326, 1.70899837211407, 1.9079252352647, 1.5548209983477, -0.947702144808683, -0.493247028492469, -0.45091925442288, 0.733686461290352, 0.986774945049328, -1.19246522931824, 0.427657986175062, 0.912764464348989, 0.0709378358089894, -0.31192281144201, 1.21567396085046, 0.039728526344859, -0.68012792071888, 0.959900432137035, 1.65864592437701, 0.510491912229075, -0.35975635331388, 2.18891504532545, 
1.19751011415274, 0.791304105997036, 1.68683922937289, 0.728161421459447, -0.998342631170352, -0.0349524081063488, 0.298570155567665, -0.931622888025615, -0.92973080502271, -0.354831095927802, 0.604843906230795, 0.175658477832557, -0.874250518866772, 0.260892956640966, -0.253235213975401, 0.797238430546579, 0.516360262560959, -0.278158905844623, -0.844999304513947, 0.457200774286062, -0.927805629222993, 0.632211366897057, 0.779955777327063, -0.0226427837285392, 0.650322971094995, 0.153540080709192, 
-0.273456019633168, 1.06628981741152, -0.566947181862195, -0.865628995061412, -0.102233448004235, -0.854354003281082, -0.990122527796538, -0.275016523488775, -1.11773818724518, 0.17028530550027, 0.361549770269249, -6.07113566939432e-05, 0.337177073222725, -0.217644154329932, 0.701524695844242, -0.942148721512704, 0.352221668311979, -0.384836004420384, -0.810658758403938, 0.17028530550027, 0.758897065003085, 0.97290809280533, 0.284909051434617, 0.420135920375798, 0.16335933604437, -0.061870851212936, 
0.910917934726074, -0.825001850693649, -0.151033040252114, -0.975779435506828, -1.23895081502544, -0.942148721512704, 1.70340108679422, 0.778592235235229, 0.098448851668377, 1.12589455069767, -0.668839716835687, -0.463757863373044, 1.09931052554813, 0.653636129418521, 0.367685911709734, 1.42605200272352, -0.158639997310988, -0.900887475005895, 0.7350628009201, 1.26560461718025, -0.682625104133236, -0.622818996397211, 0.942474599760734, 1.11210916340012, -0.367341621336063, -0.0106444284001923, 0.326740596773929, 
0.526335992252939, -0.0393076555494125, 0.250220870322639, -0.811712934740633, 0.527333539408247, -0.0693929170122005, -1.39520469277513, 0.0494175782666866, 0.463245550215137, 0.336527154632601, -0.44471544904605, -0.701912725837648, 0.00612375382108876, -1.11358384083257, -1.11358384083257, -0.910378416275251, -0.576421536650702, -0.467599712170913, -1.08996646883235, -0.69963487650078, -0.927388188642795, 0.350153127815209, 0.274383217947528, 0.626088377981159, 1.18119287089705, -0.514786558063396, 
-0.410491890588535, 0.539363856234883, -0.41459858150745, -0.30125292007313, -0.434743595251719, -0.135306457006196, -0.826721995038355, -0.442613289616167, 0.132933735091619, -0.0611888630562731, -0.735859176297352, 1.46051660147411, 0.55979374435859, 0.258641048774451, 0.879460127103366, -0.789165788494995, 0.111084162929803, -0.886761044275032, -0.783291297737676, -1.07562337654264, 0.211329890448232, -0.809976770247275, -0.304900439598017, 1.23691843260083, 0.29565227969314, 0.072913957883566, 
-0.87929009919446, -0.576438353655469, 1.32956622109515, 0.164162316584374, 1.21831273088265, 0.432157233134347, 1.31187176293283, 0.705643969671984, 0.218747013282042, -1.19331806030139, -1.54235654025719, -0.0225624307583328, -1.05647601925019, -0.424713990494906, -0.515051105639862, 2.50749282264729, -0.180071898368686, 0.480255322582682, 0.551304816023225, 0.894420382141124, -0.915201953306613, -0.917183393347811, -0.886761044275032, -0.803261150213008, -0.432324645745583, -0.334341949223744, 
-0.319243531887728, -0.970417465511928, 0.185221028908352, 0.463285984804039, 0.593985696740293, 0.769009251379803, 0.53429504365568, 0.570452173315674, -0.949220943799843, -0.122699529209843, -0.0415830498624232, 0.0875023257211174, 1.48920278605353, -0.547086201068037, 0.54620046865249, 0.955979500644509, -0.370566249020315, 0.800607617959057, -0.723918216509011, -0.0193672097694275, -0.740568874014835, -0.697847757384726, -0.406878662687236, -0.115193279861658, -0.60225651280351, -0.627237426895563, 
0.0825031118119073, -0.71578747017349, 0.428112937092678, 0.810272312068054, 1.21581235221574, 0.119814315802081, -0.0269492551808721, -0.51877196205439, -0.3666596331794, 0.0440330973923264, -0.719976674541887, -0.112743261342672, 0.10547122351237, 0.548249927616708, -0.209793541498037, -1.09302135723887, 0.352951311962341, -1.16033397411623, -0.608828577644652, -0.141429445922093, -0.179533465405148, -0.700689052837475, 0.306274515568322, 1.24131778156662, 0.0480988543535266, 0.634308481354972, 
-0.203870627660139, -0.304307808479648, -1.19530275222256, 0.54488174473933, 0.857906650228259, -0.701619568421951, -0.306974488557481, -0.657628169892531, 0.485107243079118, 0.899938270645571, 0.856170485734901, -0.712630012625817, -0.576425032256095, 0.845268116356094, 0.99769005360048, -0.736148608413645, -0.592083352853572, -1.06500114066746, 0.356720915271264, 0.820768681121212, -0.0843216243397151, -0.882819502307909, 0.312324167594578, -0.210621782485938, -0.274920121100682, 1.95413503517996, 
-0.60095337481751, -0.0430285119639411, -0.931883087890394, -0.424369089948234, -0.285124916395667, 0.389809944421878, 0.19470545321626, -0.468797443700733, -0.3735856026353, 0.188863097172801, 0.581195401574196, 0.654701225670939, 0.282940408931333, -0.979891820300435, -0.0412923474705829, 0.497048202867461, 0.16023329916051, -0.145953282876625, 0.0517463738784145, -0.565133332767508, -0.785011442082382, -0.0344557350529757, 0.303607835490487, 0.927219979175444, 0.412725813622553, -0.672267415834518, 
1.45199148005685, 0.461260858293966, 1.051789481291, 0.706023942803526, 1.01116233692324, -0.755659289494949, 0.312990135602588, 0.679739890725473, 0.0310890819859821, 1.66085617802761, 0.938163282511966, 0.234559054119767, 0.966428501636562, 0.462191373878442, -0.158439218289638, 0.338343672096165, -0.491433976253898, -0.25617418423978, 0.533642287750532, 1.09046422737301, 1.28799457796064, 1.31415224476049, 0.332437575263035, 1.31063111051381, -0.172782310579349, -1.0093842080306, 0.438713712048329, 
0.0114677630488158, 0.0291155062318764, -0.358213959807975, -0.0522358048127627, 1.08215923518248, -0.619321479029928, -0.815398486887547, 1.45651617788815, -0.832516900412348, 2.30983876850081, 0.821486603898348, -0.343430469507865, -0.233875536152721, -0.411762959007997, -0.544233761563816, -0.679056372758427, -0.870604102890635, -0.817262564566785, 0.788361640127263, -0.564311634440741, -0.111538860371122, -0.438836397232024, -0.560978986354895, -0.863114440023299, -0.730693961330056, -0.0754355529578912, 
1.88972843354936, 0.0276327731479187, -0.112294185417428, -0.410341665953681, 0.230838197705238, 0.996919142627016, -0.899535563017897, 0.27199104566905, 0.59289115398512, 0.0986822665884621, 0.195563131279908, 1.46741798093477, -1.19780982768938, -0.274117140560679, 1.09437084321393, 2.2576371627998, -0.474920432616631, 1.6943602220038, -0.614550146129003, -1.48469094551223, 0.153932931294142, 0.6590092619434, 1.15269244574401, 0.400288625103935, 0.0099214979808302, -0.770323449245999, 1.04893943384343, 
0.541160888324802, 0.846661557730336, 2.25766876887561, 1.54965578026502, 0.954994368735946, -0.0736993884645334, 0.804357048334732, 1.51717430194807, 2.20159681107363, -0.337246042220822, -1.13009848801859, 0.685975302178115, -0.125253786750932, -0.0197833281437534, 0.614259840729561, -0.303048532517519, 0.99545686352073, 0.0992556256782064, -0.390846570799537, 0.167342839630498, 0.517626706609814, -0.132004941576731, -0.079822377380431, -1.01775588220227, 1.19464827424782, -0.419532755378959, 1.24842400198622, 
0.470949910215793, 2.23690653401772, 0.318893967907934, 0.353662774984774, 1.49318743940593, 1.27711018656564, 0.976854481852953, -0.576640802557766, 2.07432825382817, 1.09591270770354, 0.0669411936025224, 0.357399680817189, 0.882000053495214, -0.189314009275466, 0.446211957882115, 0.677341551693931, 1.75704290919491, -0.905260383382222, 0.297797344189334, -0.329656942838072, 0.169528080049099, 1.63052697946295, -0.235146604572183, -0.178755074860393, 0.944276830214934, -0.334605728428936, -0.131412310458362, 
0.296758753779799, 0.0861362063886686, 1.06751722551596, 1.59833837842361, 0.352066078047264, 1.61601411879917, 0.950497092885259, 1.64543892071664, 2.02002283541244, 0.758139839551914, -0.596126044316322, -0.317190279453683, -0.438352029129502, 0.0051651830163717, 0.2093366579497, -0.49792732707805, -0.0907851660905976, 0.0120186124387458, 0.112299266083382, 0.470876573326153, -0.309264198522105, -0.701856981341196, -0.735611978499821, -1.26720217116081, -0.55260598997735, 0.581059267140223, -0.341597902626414, 
0.603734007242472, 3.82768935800136, 0.105182625446509, 0.632035988224056, 2.42053647046058, 1.20857401310419, 0.191603992238297, 0.0813089839557302, 1.04735406475951, 0.817906080066207, 0.582786552464052, 0.174017414034521, -0.105716015059995, 0.175343909279662, 1.64356757107423, -0.750750910350412, 0.971226850300998, -0.380515908682529, 1.69269530522959, 0.969303488682721, 0.25160389857251, 0.581374028852518, -0.11410726614084, 2.01956123444426, -0.616518788632288, -0.513590726938443, -0.599773563841209, 
0.253818833948961, 0.917882960732744, 0.194044332288748, -0.305157507603191, 0.393111459851343, -0.205705094946457, -0.310245037969159, -0.585430471551498, -0.367881954704467, 1.16269904025255, 0.161292390748127, -0.511312877601575, -0.233442046154637, 1.0281038620959, -0.121382705701549, -0.355150743743613, 0.431616899765943, -0.554743574902253, -0.242350330928619, 0.0985861620648021, 0.0730767070616785, -0.873907518724966, -0.580361658972295, -0.133323665489891, -0.113928468329233, 0.378503819985166, 
-1.20527081254707, -0.624056903849438, 0.613062109199743, -1.19503441117627, -0.220137544274461, -0.275773748939946, -0.861017325565383, 0.856894678124826, -1.1368874449425, -0.82486019590539, -0.220803512282472, 0.452885961511554, 0.0591861863026049, -0.3221859977575, -0.083562505823584, 0.301792640232795, -0.542401194682365, -0.00423583488249335, -0.291763648684721, -0.668822345211928, -0.731929494957985, -0.743870454746328, 0.237739577165892, -0.129676145965004, -0.430462846612618, 0.0387934419866385, 
-0.61171452362955, -0.0209810596735736, 0.265759793737303, -0.264813628598657, 0.727806847517428, -0.433879343274063, 0.877255816364981, -0.0902943886207588, -0.784233051537626, 0.119926738338826, -0.264813628598657, -0.878976331304169, 0.938027974477013, 0.285820958905972, -0.789301864116829, 0.203283077207725, -0.293499813178079, -1.24169193554167, 0.731158213390038, -0.0209810596735736, 0.969032442982204, -0.0144213581488537, -0.324852677835334, -0.875584530842658, -0.062274172049348, 0.162956015207958, 
-0.655409768506694, -0.774312075847731, 0.0531365342763497, -1.04560471435734, -0.620007963893006, 0.107211181475555, -0.267215761100025, -0.522989289813452, 0.0550478893078785, -0.10463748091047, 0.0766329138932282, -0.691585615953452, -0.49430310523403, -0.956350159014156, -0.702577342370553, -0.119646541208191, -0.0926965211221278, 0.436019744337135, -0.248734371815588, -0.382626467425723, -0.548154693056344, 0.109877861553388, -0.324588130258869, 0.282524290557006, 0.0912405537594041, 0.809606111877627, 
0.388624737435316, -0.0665334614274147, -0.232479924494349, -0.482362145445688, -0.710204814625996, -0.591183969925476, -0.365725324125096, -0.724968599375878, -0.261413839645467, 0.321395998402788, -0.178755074860393, -0.482362145445688, -0.310245037969159, 0.58628727965185, -0.193853492196408, -0.232479924494349, 0.452885961511554, 0.466473728754961, 0.598719016910032, -0.629125716428641, -0.841869968272934, -0.659548065501421, 0.277948484097343, -0.177108267405329, 0.129710458882472, -0.743870454746328, 
0.898066798117261, 0.0674796265660609, 0.346978547681297, 0.0985679436468505, 0.237073609157881, -0.571087379261787, -0.394567427214066, 0.532355633403911, -0.408244551495766, -0.499371917813233, 0.53894451524982, 0.206386712508637, 0.577449955164419, -0.475630262648513, -0.468019053155977, -0.396568139283889, 0.984125351855525, -0.295901945679447, 0.107985778550483, -0.423253611793487, 0.321395998402788, -0.324588130258869, -0.291763648684721, -0.22204889930599, -0.262128230734059, -0.781464924099732, 
2.03577051304821, 0.591127079446119, -0.727125229955248, -0.334126957545843, 1.1436355315357, 0.3357390906925, -0.379558366916344, 0.235337444664523, 0.811342276370985, -0.380224334924355, 0.0768974614696933, -0.613992372966419, 0.640419677813537, -0.367617407128002, -0.400124346115438, 0.354886447984947, 0.960791245218536, -0.313032710430333, 0.448362124557022, -0.559146419473445, 0.570032832330609, -0.516117142604313, -0.727125229955248, -0.42193838348572, -0.468949568740453, -0.700841177877195, 
-0.336529090047212, -0.252872668810315, 0.206631988056477, 0.38785119397106, -0.630861880921999, -0.815585916194882, 0.386166218366817, -0.543067162690376, -0.702577342370553, -0.346084625042439, 0.3357390906925, 0.497651402874045, 0.871116778031196, -0.422587643785476, -0.191362002656745, -0.410646683997134, -0.0640103365427054, -0.135990345567725, -0.219382219228156, -0.437596704083198, -0.233725311517867, -0.195764847227937, 1.20598735623545, -0.367881954704467, -0.232080959086659, -0.712116169657526, 
-0.413313364074968, -0.640802128640518, -0.0716378087981502, -0.195500299651471, -0.301793253441534, -0.798840691403802, 0.392846912274877, -0.00942563984503675, -0.0596968490098075, 0.102215463171738, -0.72309500778558, 0.413208050515031, -0.272405566062569, -0.714518302158895, -0.825615520951694, 0.5183592640221, 0.994434293259848, -0.279822688896379, -0.391448448600249, -0.772556639325749, -0.874694449847083, -1.0056620294102, -0.499371917813233, -0.915987562222857, -1.39413314481468, -0.805521385311862, 
0.129165483257801, 1.2707823566908, -0.172705422834137, -0.0792490182906858, -1.07858511444104, 0.33989665971585, -0.251225861355251, -0.792251809557893, 0.426601909433502, 0.608505574768702, 1.06695927790954, -0.526321937899297, -0.543067162690376, 0.232670764586689, 0.000779155449947666, -0.629125716428641, 0.90767816543776, -1.62948474889095, 0.0152465309041596, 0.574629585226738, -0.276105328087244, 0.106249614057126, -0.351538150344933, 0.318027815525411, 0.418429461553386, 0.924086302618848, 
0.181612595030567, -0.441875265489889, -0.29109768067671, -0.337195058055223, -0.927663974434734, -0.329532659673571, -0.363479110133275, -0.457008608952112, -0.118031339828939, 0.309455038614446, -0.659548065501421, -0.691585615953452, -0.150068890280971, -0.0678310909507207, 0.020171788290237, -0.308508873475801, 0.120328158770371, -0.20579445198475, 0.840028460950407, -0.742908333086039, 0.789492704209171, -0.296022938062787, 1.02880143617972, -0.191186812118573, -0.328077305519586, 0.217626169497435, 
0.0431069295195368, -0.0453537567200972, -0.177018910367035, -0.553096767447189, 0.658493518570243, -0.13572579799126, -0.0640103365427054, -0.341718895009754, -0.95901683909199, -0.858615193064014, 1.03334244304917, -0.65966905788476, 0.518678509122211, -0.320449833264143, -0.517993571509635, -0.0369173155053764, 0.198357819821647, -0.539999062180996, -0.167078662648515, -0.753501094095451, -1.29732814020715, 0.0050384448280143, -0.566684534690595, 0.842430593451775, 1.03320428075091, 0.450343564598222, 
-1.23728909097047, 0.926752982696682, -0.450047713370004, -0.146421370756083, -0.80364495640654, -0.20239466303156, 0.610659976698374, 0.119702625351262, 0.725949690640731, -0.164411982570682, -0.0329220194619153, -0.774292803819107, -0.324588130258869, -0.509312165531752, 0.3357390906925, -0.308508873475801, 0.955722432639333, -0.0319411800148623, 0.148612922918247, -0.530460234894023, -0.917723726716215, -0.642802840710341, 0.266425761745313, -0.382225046994177, -0.130730079687443, -0.410646683997134, 
0.769507508420934, -0.698174497799361, -0.784233051537626, -0.205039126938445, 1.0496179263947, -0.162009850069313, -0.904995835805757, -0.430058588866047, -0.121382705701549, 0.026361704728457, 0.0693909815975897, -0.336529090047212, -0.310509585545624, 0.753969907212141, -0.557410254980087, 0.264023629243945, 0.102215463171738, -1.30807459107641, 0.722617042554885, 0.911071952830756, -0.439597416153021, 0.528914910493007, -0.404597031970878, -0.264813628598657, -0.439332868576556, -0.510067490578056, 
-0.384627179495547, -0.000186894926061054, -0.544924319567074, -0.975762063883069, 1.61334743872133, 1.02903105762998, 0.489387495841929, 1.13423696866069, -0.654479252922218, -0.172705422834137, 0.0741952466003273, 1.46346544336643, -0.468685021163989, -0.219382219228156, 0.464953659488254, 1.05152978079504, 1.5358784788988, -0.408244551495766, -0.511978845609586, 1.54303656261884, -0.169356511985383, -0.190696034648734, -0.804192769346235, 0.252082669455603, -0.597772851771385, 1.40160635179156, 
1.13597645320445, 1.26349788769255, 0.660404873601773, -0.0211020520569138, -0.296166493255913, 0.862893179051989, -0.746272587247697, -0.784233051537626, 1.17016731418545, 0.555689740040899, -0.262411496097288, 0.955825060146058, -0.688234250080842, -0.0261708646361165, 0.587061322484919, 0.0120186124387458, -0.453675960866266, -0.42525432386331, 1.16469424385968, 0.177299107497669, -0.568420699183953, -0.0717937273076972, 0.248016912494402, 0.88372370582755, 1.27251852118416, 1.39053620097017, 
0.366827407773289, 1.39415211441924, 0.823949204167338, 0.493392113495978, -0.901644469933147, 0.20905339258647, -0.728616118900765, -0.537998350111174, -0.32296059483243, 1.03010457416572, -0.350872182336922, 0.0201910603188611, 1.12392456074731, 0.00342656349915682, 1.04817841492243, -0.49737120574341, 0.309455038614446, 0.88372370582755, 0.849267205869382, 1.61522176551295, -0.870556152852356, 7.76526504040476e-05, 0.175298395427846, -0.113628495257747, 0.393111459851343, -0.150824215327276, 2.62311584950322, 
-0.655409768506694, 0.131603150550702, 1.31806541447531, 0.530651074986364, -0.0783534288324166, 0.928489147190039, -0.11898057320018, -0.3221859977575, 0.944447440859002, -0.516117142604313, -0.671489025289763, 0.519656893545407, -0.522989289813452, -0.152471022782339, -0.109706293489672, 1.37265561963567, -0.207562251823154, 0.124851995724904, -1.01691852977792, -0.49737120574341, -0.917497723196998, 0.483974278592345, -0.0740399412995187, 0.420134019970932, -0.370284087205836, -0.264813628598657, 
-1.14600636038532, -1.06597818664468, -0.593478636267112, 1.18086288695028, -1.61272025207124, -0.177620419017499, 1.26349788769255, -0.817290474612427, -0.92802033407335, 0.103920021589284, -0.677242523663741, 0.0321127480785788, 3.46464300434055, 0.349817635405745, 0.926752982696682, -0.671489025289763, 1.0070412210562, -0.668822345211928, -0.885409294640531, -0.755145446526659, -0.401493396669966, 0.28001352898872, -1.14129028951369, -1.80160185636748, 0.160537065701821, -0.688234250080842, 0.332370907815122, 
-0.811027153114142, -0.731282798978599, -0.74562589126831, -0.398970271785257, 0.939758137410177, 0.717777242760616, 1.01952715646921, -0.872821638872802, 0.315534223872041, 0.321131450826323, 0.0837340738873, 0.173233350536469, -0.624056903849438, -0.321488423673677, -0.609713811559728, 0.747870467709955, -0.771909943346363, -0.169601787533225, -0.454450557941196, 0.723283010562896, -0.410646683997134, -1.38221145705496, -1.33755409051753, 0.208387424578459, 0.696597538053298, -0.0209810596735736, 
-0.0069025149603279, -1.00980032640492, -0.499371917813233, 0.0567840538012359, 0.834924113579671, 0.0158253302861757, 0.0311659697311946, 0.127273400254896, -0.439332868576556, -0.499371917813233, 1.03290812709864, 1.45076915853178, -0.427656456364679, -0.322450545333966, -0.629125716428641, -0.553096767447189, 0.705871817763806, -0.846674233275672, -0.759949711529396, -0.403914801199959, -1.37320117067906, 0.170283405095404, 0.670434478358586, 0.622479944103375, 0.468965218294623, -0.474037099106421, 
-0.267215761100025, 0.411748767645327, 0.844045794831028, -0.280578013942684, 0.646763284111605, -0.236127444019236, 0.589728002562754, 0.789492704209171, 0.421412104470959, 0.455288094012923, 0.715375110259247, -0.568950020711041, -0.51104833002511, 0.107985778550483, -0.113227074826202, -0.349136017843565, 0.716413700668782, 0.674483418315018, 0.555689740040899, 0.989212882221492, 0.237739577165892, 0.212700912111358, 0.796896063477049, -0.543067162690376, -0.189450647625216, -0.767487826746547, 
1.21266805014351, 0.563106862874709, -0.523008561842076, -0.132342826042838, -0.680114044700515, -0.393901459206055, 1.14554688656723, 0.514571818203296, 0.0269229431160358, 0.0555928649325494, -0.947095151332272, 0.372179485715723, 0.0775950355535167, 0.382151339510053, -0.507913088648386, -0.259101064182393, -0.669752860796405, 1.60768575240951, 1.00799045442744, 2.08831474386501, 0.885459870320906, 0.309455038614446, -0.989213184645552, -0.704998746900546, -0.556744286972076, -0.839203288195101, 
-1.04483011728241, 1.72235584857996, -0.625793068342796, -0.669752860796405, -0.367881954704467, 0.249415989377769, 0.106249614057126, 0.832521981078302, 0.58437592462032, -0.160098495037783, -0.843309979114015, 0.106249614057126, -0.43021511604092, 0.112155710890256, 1.09294717633531, -0.608067004104663, -0.347224662812035, 0.0928873612144683, 0.66984892168635, 0.98242079343798, -0.704998746900546, -0.30784290546779, -0.60138876522046, 0.160955303138135, 0.85842049319655, 0.139195088014614, 1.39244755600169, 
1.20532138822744, 0.531317042994376, 0.274998538656278, 1.21146042656123, 0.146857486396265, 1.02138431334591, 2.63144335086635, 0.581078202660683, -0.430058588866047, -0.379558366916344, 1.90259316143682, 0.651166128682797, 0.528248942484996, 1.77890243177476, 0.153538180304325, 1.14114404199604, -0.308508873475801, -0.581027626980306, -0.062254900020724, 0.0919676610745666, 0.0693909815975897, -1.31985963235521, 0.112420258466722, -0.0286085319290175, 1.21526163594596, 1.05342186379794, 0.053820720702312, 
0.0775634294777041, -0.436930736075187, -0.38126292533389, -0.093572838551772, -0.286503382804439, -1.07618298193967, 0.713711485799414, 0.0550478893078785, 1.39244755600169, 0.166307381080568, 2.29496089133323, 0.101180801477923, -1.11919298678018, 0.646763284111605, -0.258062473772858, 0.455288094012923, -0.566684534690595, 1.0253236850289, -0.408910519503777, 0.502914123778184, 0.748199591833395, 2.22932426223212, 0.0120186124387458, 1.26069304531646, -0.410646683997134, -0.454606476450743, 0.177700527929215, 
-0.0118277723464058, 0.667911353473876, 0.185419312877996, 0.190428418839673, -0.552185523891337, 1.61435060363585, 0.0741952466003273, 1.36306379733845, 0.500228725913585, -0.138392478069094, -0.431218171658922, 0.204682154091091, 1.21359657430016, -0.116405922918191, -0.311942886796567, -0.530295995199307, 1.7745223741491, 0.604575360655169, -0.502977050903521, -0.29210922796455, -0.130835274098212, 0.598805275800342, 0.711505660116412, 1.06312146311175, 0.0441862649675651, -0.0510255760978677, 
0.602712763007591, -0.330536503799852, 0.0903609927976241, 0.310576189722489, -0.461547696025525, -0.488792988061566, -0.318303970253335, 1.95635778593598, -0.157318299364011, 0.373076032987291, -0.477814149933512, -0.229099965554143, 0.0413163555258236, -0.678061320654823, 0.290817500296543)
c(-0.0547461954973117, 0.788045219994888, -0.186655659376942, -0.157027861614589, -0.153378019171018, -0.384366497221951, -0.208189780632729, -0.328912553547286, -0.162516946751234, -0.214714164712222, -0.42850859123036, -0.230064596798978, -0.0913157272873166, -0.116455406673894, -0.0423659814315269, -0.399272246476814, -0.302593718656042, -0.526035948070748, -0.400027881606387, -0.224791946714774, -0.113762232015827, -0.289486470687173, -0.197681779655492, -0.420702825127416, -1.17654347180824, 
-0.160284220467377, -0.117830861133082, -0.181519530744302, -0.223230317517958, -0.111489772738455, -0.43887861607314, -0.137472117578512, -0.141031310929969, -0.154867697006621, -0.0466357048011728, -0.30708597993544, -0.138757696142717, -0.0931011154224558, -0.23004037914123, 0.948759772838423, -0.16729975757534, 0.719197762801265, -0.24043518666668, 0.96622680582001, -0.0714279846903144, -0.0330965587785102, -0.120948040154691, -0.235244422472686, -0.208944909288113, 0.903323579756246, 0.907207785272701, 
-0.00113111243391167, 0.917231402440195, 0, 0.953525507305622, 0.939802677814623, -0.187121190149678, 0.853339387566815, -0.347752037572682, -0.125820603770912, 0.834125868751733, -0.065299419231372, -0.421521375706533, -0.271732587346532, 0.487418362779185, 0.728650144081669, -0.404784880909961, -0.241154297397661, -0.0533484434896955, -0.0861890430820024, -0.287008538008679, -0.0875521522911033, -0.193252020249231, -0.204554094597105, -0.236715100656902, -0.0385749070307326, -0.477617032230448, 
-0.0905651202641162, -0.208397514706785, -0.11651740761171, -0.232793023406178, -0.157388723389089, -0.331995882441442, -0.0335902419918753, -0.233099195500234, -0.072479931806386, -0.0544993236063706, 0.846821097055772, 0.728876600634989, 0.825825110077436, 0.725199060634835, -0.176492158489915, 0.854671613568385, 0.890679993843741, 0.79089003905203, 0.673354875734708, -0.267361783611379, -0.0390710148925922, -0.286411308913866, -0.0242079213281285, -0.0434611306544727, -0.12994980876375, -0.0599051071410337, 
-0.0989701147211033, 0.706152185142316, 0.90721966290202, -0.205515625629137, 0.617681907343767, -0.0525559193540762, 0.757469180150742, -0.0115926223364797, -0.170902544087024, -0.0807619355773583, -0.102995988925413, -0.411560616896675, -0.491735305095354, -0.146528746558041, -0.0751804867416729, -0.104042627612796, -0.171741761184737, -0.512478667028937, -0.228675586093486, -0.0649016509125378, -0.100451884118508, -0.231569654592843, -0.669552565186869, -0.0769565265356695, -0.105200511977165, 
-0.0791730838108671, -0.100698741000578, -0.0331512143543575, -0.20777290934291, -0.0816096479515188, -0.324532965320863, -0.237157835041341, -0.0999129663498364, -0.0579514647814016, -0.103608897548579, -0.137445866317454, -0.302427158129117, -0.0595273348549821, -0.180782565433353, -0.176190377481958, -0.274390907819759, -0.199628879935593, -0.0966056262168339, -0.27888546836888, -0.100191488430255, -0.0320340270529947, -0.0930872060565559, -0.13881657131102, -0.152568789782472, -0.0686835540225245, 
-0.152913185033389, -0.220681360429231, -0.195464256712562, 0.948023709462663, -0.226884612260752, 0.863489083840845, -0.567505680439572, 0.640834213603873, 0.887696477358348, -0.0556149429367712, -0.145540912932695, -0.215162251466293, 0.952877792582327, -0.0133532903779156, 0.793275690173041, -0.190260001268025, -0.0970162114385384, -0.159306053120505, -0.086946095116746, -0.291538700481029, -0.21089242555089, -0.139218924429114, -0.181087622063591, -0.203833175484752, -0.106808032089352, -0.444703550267626, 
-1.31859065550683, -0.218750144127517, -0.0550618288515118, -0.112295913060377, -0.199064558882946, -0.317757149459247, -0.248068407306233, 0.935470302969555, 0.680792741953456, 0.90923186932231, 0.772446806003646, 0.683220915064071, -0.246775298897155, -0.0580829783716906, -0.274437561697516, 0.818507806654024, 0.882443409932363, -0.129004343941366, -0.0636859943645889, -0.10423500885622, -0.375650483549724, -0.310564638445303, -0.164264284558737, -0.0933850347880328, -0.223738816817391, -0.125253805328088, 
-0.0586114664804424, -0.071439482404579, -0.107822073863376, -0.0968824858297689, -0.205918879375868, -0.168167707119626, -0.152108734994731, -0.0431909387066711, -0.0444567102246873, -0.0422293616373223, -0.221849803784401, -0.404055794580678, -0.0297098782379843, -0.345142566726473, -0.124498768885139, -0.106909769418979, -0.175591780627089, -0.0300507392896856, -0.0697937647186811, -0.0631158157226183, -0.0635790208297214, -0.068267412929288, -0.0969841169415826, -0.512768039884812, -0.191036591829947, 
-0.0726768670599191, -0.0892347618455883, -0.0754437438095345, -0.123448417976513, -0.040929506381832, -0.101150125816321, -0.298213554063191, -0.137676919403428, -0.158175071930508, -0.0830525697385196, -0.554491839660127, -0.102117243688867, -0.264305089775535, -0.305751038710273, -0.115789969883967, -0.0503515956300434, -0.0404791653867012, -0.138061768339301, -0.107252414041839, -2.83262153924504, -0.15191604440147, -0.0596688257439076, -0.0379573873718673, -0.109763633496111, -0.108579346097768, 
0.801334817280641, 0.896475057614832, -0.0518934665758672, -0.510537729712131, 0.82842252435649, -0.229410183846309, -0.714420987806806, -0.113168658358458, 0.957885345145409, 0.842832777467227, 0.899976184219055, 0.986062807525531, 0.965924727528232, -0.0778787869915914, -0.516523824180322, -0.276061893903577, -0.0150470376869946, -0.0827090186533171, -0.0637175917328315, 0.873407433939266, 0.937615293542635, -0.197062462825518, -0.0906762753764561, -0.413649548901948, 0.919021007467822, 0.78877103904856, 
0.715704551170698, 0.709795555269753, 0.872439695168832, -0.120189854196414, -0.0629678259258796, -0.103274700369592, -0.151190363592143, -0.184291124595362, -0.857404840908969, -0.439711796291315, -0.189421984825386, -0.0309008457472881, -0.326978139682263, -0.144637350729726, -0.0629997429812388, -0.0923312328423346, -0.0269779417238166, -0.116633249384257, -0.572978079808651, -0.221657136670878, -0.0641880058351861, -0.0941858912781658, -0.0967431944902449, -0.0678797389896895, -0.289577451492862, 
-0.0398632316235801, -0.123460447341829, -0.0874775654667617, -0.114590566310867, -0.157222995871226, -0.454569917722357, -0.488178523921115, -0.179212723951573, -0.164266031455837, -0.0484260346425153, -0.183706023023935, -0.404610973470444, 0.992825427220259, -0.228612567998646, -0.125655901971405, -0.147662692475107, -0.131482127466095, -0.191906090148463, -0.87286998416679, 0.8721630332926, 0.755326710719999, 0.478307353445392, 0.911350835986989, -0.122341955574918, -0.294219564885689, -0.271816757641251, 
-0.148788145606123, -0.428787759587404, -0.314882096218, -0.0318806691269745, -0.172759167718235, -0.262199890499377, 0.980871521130961, 0.934121668678881, -0.539774281659337, -0.416926015210084, 0.958920681341999, 0.706363638185405, 0.784835623985163, 0.847635506275783, 0.872004082361106, -0.098335682147986, -0.0821014704816187, -0.080861412511171, -0.193069752005755, -0.260554478938917, -0.148279783565184, -0.130505788189547, -0.226196232273372, -0.166006786924394, -1.30301916528422, -0.0536079341094197, 
-0.770265154542313, -0.352533159959154, -0.453242994957438, -0.195562939895156, -0.193275847791784, -0.151674571484802, -0.166612541359882, -0.460124585613625, -0.133352788801558, -0.156763315505862, -0.122144644165977, -0.0971250903664151, -0.0555142443306918, -0.134892501436787, -0.125557361027601, -0.0993182218885615, -0.340066913839775, -0.125889790619589, -0.23392242795344, -0.0632547475280828, -0.132631326900231, -0.0466697908401372, -0.104865602412715, -0.279371138563591, -0.200548094652882, 
-0.194387545166436, -0.0603665087457188, -0.0892532816692724, -0.117842349140824, -0.247122336088866, -0.112367854002783, -0.194813292483111, -0.154890695081427, -0.498956295887888, -0.136845109845089, -0.189939403962595, -0.213033585801313, -0.655773404280256, -0.269041687304785, -0.0500869200435231, -0.0302137041321676, -0.398247844154699, -0.182144013914051, -0.343806469665054, -0.389096850950358, -0.470194998916335, -0.108271923530746, -0.545117105752949, -0.789123255415457, -0.202704020875435, 
-0.403735635169064, -0.357907825561054, -0.254596290825901, -0.120045270086085, -0.04078275730132, -0.0953989473153729, -0.290666459524748, -0.0976745899886911, -0.0808648393523864, -0.198461083366698, -0.10194952914859, -0.108824981433918, -0.524199200073804, -0.184886013288601, -0.398195772914006, -0.152812384642966, -0.45047895408316, -0.126833548738317, -0.0679593334432538, -0.115259955514712, -0.268778789422448, -0.562628618852683, -0.0715140930754233, -0.194565984614968, -0.164723994145963, 
-0.104789754940116, -0.257441154346924, -0.0632383132185453, -0.417959622499956, -0.532127695353526, -0.266347536272872, -0.453067614489253, -0.315823314644254, -0.284703320088599, -0.41095213493232, -0.233345641151082, -0.245575471928336, -0.227816378947875, -0.220951320799301, -0.255479089960223, -0.212516348099218, -0.373862851138588, -0.226181057115163, -0.315056755990031, -0.344021161727152, -0.191504414523267, -0.141813538634578, -0.317326975256464, -0.179206201983809, -0.0255667507939267, 
-0.525168004601137, -0.116621419746783, -0.113910953692198, -0.26114955116586, -0.550607948078199, -0.174937671213889, -0.27316299343916, -0.228065045876493, -0.61610949519298, -0.781593164181917, -0.162596473392467, -0.12742907451232, -0.195061195427982, -0.123277746021596, -0.0930838756570567, -0.3617118178559, -0.143763560233118, -0.150780076717763, -0.266488893640611, -0.276715931085107, -1.43073821483943, 0.347019040434619, -0.130815833585739, -0.276611462357988, -0.516013236654261, -0.165930488383563, 
-0.0530226888019603, -0.0302859254529881, -0.0774386620542437, -0.0968796923230996, -0.219913087527877, -0.0557510186248131, -0.0373165796194248, -0.131486296927622, -0.673802289231834, -0.320461622407647, -0.432339781058081, -0.284003871726724, -0.842495407268001, -0.0121139665117356, -0.0993855360094066, -0.170400867511258, -0.0362180384793039, -0.0397021258545001, -0.167647065604464, -0.397785250668347, -0.123642263276613, -0.205228790357908, -0.265602406092281, -0.349085668508644, -0.300137060677697, 
-0.194584077964067, -0.0205869075474993, -0.14018592344766, -0.0748304208559752, -0.144188413958595, -0.074753306289995, -0.301254834306198, -0.558161758002215, -0.105607914679631, -0.177908549795348, -0.760488613978457, 0.81506056855614, 0.390875505689579, -0.139892265529901, -0.0235561166935139, -0.0947869750476095, -0.115936139722428, -0.150763672686765, 0.342223452003945, 0.660885292343808, 0.738719366021337, -0.063676411573406, -0.526251824994137, 0.803918599129017, 0.952018178985816, -0.123061089096637, 
-0.382641983158546, 0.93306215549356, 0.815421470827148, 0.614199933019214, -0.297244457876092, 0.628742129087289, 0.379435833093157, 0.767504724032761, 0.837736658906726, 0.895910453738407, -0.215878522174656, -0.109047833821662, 0.761406376041642, 0.958245797387239, 0.961053187013833, 0.797986513061235, -0.505010355098116, 0.848146308988443, 0.918019349897919, 0.919544602945269, 0.964238795998464, 0.895109814677141, 0.906225929809442, -0.264468789416984, 0.827534593283052, -0.689579537271274, -0.359477131864673, 
-0.424305505535896, -0.473774085105864, 0.952989522032647, -0.264462762673282, -0.112578612338401, -2.19679452280109, -0.233980261002953, 0.921007780777069, -0.260601575942301, -0.178991236208134, -0.185215622484729, -0.138776688692817, -0.062098161748119, -0.15174756200907, -0.0409223377499308, -0.651661375352552, -0.56558171112437, -0.0436545220218169, -0.54146588816981, -0.883462364805042, -0.497766248600935, 0.963605950644381, -0.13770600499173, -0.487737122038055, -0.145314013450645, -0.261867566475547, 
-0.138151594777509, -0.313244582435494, -0.0431555288410548, -0.0274923746436722, -0.399725932025276, -0.762151072413333, 0.906474811896214, 0.715372019024968, 0.817662359607802, 0.960847255953385, 0.935047592186875, 0.858857009122096, -0.084878095058753, 0.924755899617943, 0.948216263159847, 0.957677339868118, 0.831652408307686, -0.94894792106716, 0.466078815923568, 0.686061586820995, -0.62473859174643, -0.0732498091289663, -0.051385141359413, 0.921750221522174, 0.84282383145495, 0.886539281075461, 
0.965919900959007, 0.955276894287242, 0.480501280711626, 0.740676219306959, 0.75640863991257, 0.585737755654239, 0.840421368762766, 0.955866450156765, 0.679229573500109, -1.24237544135791, 0.81289485161885, 0.918495150319274, -0.785209234973619, 0.64572493074944, 0.882964709945496, 0.792897290017908, 0.854212528741984, 0.929829241157075, -0.0894039145084829, -0.249610084993759, 0.899104312554613, 0.907938332870505, 0.836410808316412, 0.881296463516028, 0.799174874078361, 0, 0.874520447472319, -0.207162459548433, 
-0.523246084887308, -0.191044470275693, -0.17380013948121, -0.132238104940999, -0.588610952860459, -0.0139959550725242, 0.561043280530446, 0.522913201721897, -0.0875132461378309, -0.410072471524622, -0.132911839530961, -0.265907949156532, -1.0647396171303, -0.0318782106756992, -0.150329782008325, -0.212848362801268, -0.0485110673052642, -0.0670723398735033, -0.179073605452375, -0.119875961333381, -0.118721065832253, -0.658142742994951, -0.458431720275539, -0.237850556792388, -0.0499434692581505, 
-0.653370941223979, -0.130955561272344, -0.196264531639675, -0.038245805836556, -0.0249833886231221, -0.291787293131933, -0.143176287728996, -0.204187366596432, -0.146178775976264, -0.20086805125309, -0.129448180467283, 0.855838037227642, 0.558990421648679, -0.1257017573457, -0.216142848585121, 0.971557020265192, -0.0791553940409473, 0.935839134173091, 0.555390908781835, 0.916489876873382, 0.769892007214148, 0.856380686064035, -0.056321795819779, 0.884708399179085, 0.521038308194197, 0.751265076460798, 
-0.662193615607292, 0.971998547078741, -0.162908343148366, 0.962890109130207, -0.598230868748717, -0.237646483150077, -0.0249557878333905, 0.827637034752496, 0.86386514062291, 0.674724442465174, -0.2036779641292, -0.433896746478647, -0.143302188895407, -0.343807289954273, -0.195280629367435, -0.470792107018604, -0.156883717684369, -0.521618755126374, -0.307518681841695, -0.0824514954295466, -0.0972742641341048, -0.164261646675699, -0.489377104614938, -0.23497527382342, -0.18168656171821, -0.0496925305239687, 
-0.0774187970938469, -0.0774187970938469, -0.0310547422734712, -0.182034966546047, -0.157491714923426, -0.0658688853986915, -0.131080530816561, -0.0354117880837312, -0.52027049951454, -0.149984084480171, -0.258095613224476, -0.603365262601753, -0.140896684871237, -0.251546125111841, -0.0846982324391526, -0.0988992773847204, -0.11558016487559, -0.101136762212951, -0.0585495339601073, -0.0630660130025936, -0.203303723460198, -0.36699757774818, -0.146940598667043, -0.0603992399546245, -1.22053089156882, 
-0.484020904722367, -0.540562784721731, -0.762631118424526, 0.90914997482054, -0.239150986639952, -0.0276166414760808, -0.0225658923664046, -0.013915801945957, -0.0610114021481068, -0.109482313196994, -0.0260931689521901, -0.894144267238969, -0.177356989352997, -0.210723449515072, -0.10952541805669, -0.107274328831214, 0.965134425040959, 0.698167450972757, -0.5859871724746, 0.691866511400218, -0.643458112329536, 0.836070192643132, 0.610164993030012, -0.0473657416393543, -0.00219661886528137, -0.209233008056438, 
-0.115692852920078, 0.957603271641343, 0.88414775071575, 0.58928958945764, -0.245625952944577, -0.050200490974215, 0.973899583750922, 0.906234591707692, -0.123273008145425, 0.978800279145072, 0.926932211793652, -0.147623867962625, -0.1101828044254, -0.220359758847747, -0.0958964322903792, -0.0567288584186318, -0.386697425783433, -0.164268288662137, -0.181358756258616, 0.989942460233546, -0.0696124510179427, 0.558797512655317, -0.0298716239920905, -0.189295900823722, -0.16285861645979, 0.7723971539856, 
0.764814587181358, -0.174569834628077, 0.73519102185531, 0.47972612212979, -0.227548296313836, -0.67183896678972, -0.0576486203567026, 0.803824699320702, -0.12376440866026, 0.851767740688417, -0.0328795937320737, 0.873936992091395, -0.164135790186654, -0.0534771267276395, -0.0838167656608488, -0.224098256775809, 0.892003221227319, -0.189212059235868, 0.984276983159208, -0.112877794327563, -0.415588616482227, -0.248439108663586, -0.163392260390622, -0.212252881679943, -0.154059308844923, -0.154816710939842, 
-0.0689931434111219, -0.581294020281432, -0.256600598264877, -0.0605138888886088, -0.521728350895586, -0.109538078603033, -0.249396374069926, -0.370634231566208, -0.163710428076357, -0.116994204059247, -0.12159641237908, -0.769012203387432, -0.280013378536041, -0.260225929560298, -0.173628052772464, -0.263526152658648, -0.108110912785797, -0.632118884359866, -0.864457714005189, -0.198737404732401, -0.3140871938909, -0.237518116907077, -0.712342094577011, -1.07856776177293, -0.407954502299656, -0.156341611311698, 
-0.179154472681801, -0.853600986975827, -1.01055475686356, -0.204485386864574, -0.0763370481427276, -0.120494616074609, -0.279877936034523, -0.0804264156289271, -0.0672678558503814, -0.0232440783516615, -0.626529737797892, -0.289408342344132, -0.271385495173345, -0.706714303087875, -0.177623644356727, -0.399790727936206, 0.865738032006241, -0.252513133746872, -0.313827924833132, 0.943390004489408, 0.565947334494711, -0.202719426076143, 0.906840505793004, -0.297258722853233, 0.68285976375751, -0.609120157287785, 
-0.175116719404, -0.0412656111737, -0.173226834350143, -0.426664037096503, -0.147978796526371, -0.259043837491286, 0.802493054349206, 0.895823236134326, 0.984737724894884, 0.729583580282911, 0.996448780445301, 0.389450395303285, 0.942077759039516, -0.0221042501182013, 0.949707969566197, -0.133467358035491, 0.723270819038401, 0.969532199969609, 0.992794493088743, 0.875005894438696, 0.669657597706387, 0.981795412528832, -0.37814768556485, 0.0664403706447176, 0.608113779932773, 0.83641860584937, 0.912045111890227, 
-0.00255397975927784, 0.95472603290748, 0.78488948220502, 0.821757254037215, 0.838593553420621, -0.0286550808023497, 0.80708505046846, 0.975609371659575, 0.675754668219892, -0.639258970826748, 0.8918560295908, -0.179110637332966, -0.0956313381556027, 0.625402065655836, -0.431864933972738, -0.472004055827642, -0.306505917858426, -0.0159499018446369, -0.972711946460716, -0.0219622906781208, -0.0844727706074532, 0.472925749833793, -0.127914856660126, -0.424838699682891, -0.112304898506197, -0.224501829344443, 
-0.16937842225859, -0.23667726536679, -0.187989585983266, -0.0699783115767188, -0.174751617843232, -0.202473599985398, -0.241841597077403, -0.0509131538557045, -0.0690334440016306, -0.121843981934632, -0.0891426852576731, -0.154637133767726, -0.15873478569527, -0.133682614944996, -0.410864854330938, -0.383062224795651, -0.198640145078799, -0.172191466729665, -0.078208168842662, 0.434890779243996, -0.142176699927038, -0.149625725510154, 0.892526645659278, 0.837393350813385, 0.734050671751908, 0.919331418744081, 
-0.107840210046544, 0.954838965082681, 0.664524247651359, 0.856220107020754, 0.949656277708337, 0.331400333696418, -0.178284147226603, -0.060463965900779, -0.30607118653761, 0.863953365818768, 0.811886737410725, 0.516568826468284, -0.027072211477383, -0.109124561869163, 0.926130366919661, 0.934139655175954, 0.891371570743858, 0.167013904266738, -0.436056863641307, 0.803890107846864, -0.0716956843023335, -0.00812652167032359, -0.758256510785199, -0.015133742170917, -0.136262297420404, -0.106466487934693, 
-0.701480510225925, -0.17919803189927, -0.297757533008369, -0.191038476153447, -0.0683791766445839, -0.776169411533304, -0.426276406677429, -0.101276453681053, -0.118372246594046, -0.279073206917398, -0.321240735956787, -0.039973428326178, -0.0373547145800939, -0.30574919754676, -0.216674450939895, -0.904491316348639, 0.637270465689535, 0.859170071650546, 0.789032893465134, 0.627282233116504, 0.9937371846909, 0.0814280276499031, -0.414914203092472, 0.94569539347628, 0.794038214476553, 0.885303635027331, 
0.855274360027467, 0.432289151263756, 0.856497587090899, -0.261909838299946, -0.716289224374471, -0.578954165150865, -1.76006451749908, -0.129951477322913, -0.426286505944018, -0.22929663140626, -0.380676370479014, -1.87192523813193, -0.0490769414728486, 0.797976406762033, -0.12697722084341, -0.0444306780032952, -0.227587866874893, 0.719420071435941, 0.70994746070195, 0.764594022341134, 0.941782061887545, -0.268712991792579, -0.134908991743828, 0.976134573459941, 0.801296344784226, 0.911245158477981, 
-0.600975858972542, -0.0493188768708457, -0.0093585948857574, -0.000517417227150795, 0, -0.379532444305114, -0.217137999874198, -0.178903666326187, -0.43210289204166, -0.193888729369345, -0.0653348101698308, -0.168477249469599, -0.217368493811473, -0.0297528202790466, -0.10323351609881, -0.0484237352175624, 0.959885897091656, -0.196514545284525, 0.823206237813097, -0.471993491829965, 0.88661195040544, 0.900196086503263, -2.40798939719287, -0.299767436743889, -0.0934787310909773, -0.100426474198197, 
-0.976405780318369, 0.894450749317311, 0.855022158271883, -0.39226834941012, -0.23739626160841, -0.131008895236082, -1.35757099722326, -0.130527436056938, -0.586994768356709, 0.884847179216548, 0, -0.811518282651662, -0.440595883923957, -0.289823618077338, -0.231560559670171, 0.972605639274011, -0.091647225583318, -0.165462341656123, -0.161435905967537, -0.407945325433274, -0.718235067407631, -0.363942147390859, -0.220918328600891, -0.446983875361224, -0.245600434681621, -0.222698268203092, -0.169124032234493, 
-0.0582482544717851, -0.804058160622026, -0.337041590746418, -0.17201833484451, -0.181748320391659, -0.977218308437164, -0.3164223009798, -0.250462617754719, -0.436217729544362, -0.174394375596208, -0.23834340333933, -0.411229244592752, -0.3843436712985, -0.167284579133092, -0.103644650438137, -0.312666384261402, -0.315225843571766, -0.585290185315752, -0.122493994832976, -0.234955026446587, -0.846351012012252, -0.138772744150143, -0.367871807353218, -0.347963755410803, -0.12432068978802, -0.832233035296574, 
-0.114614345768253, -0.160667264121859, -0.309521897201006, -0.630485343339914, -0.442816706040654, -0.317750036550345, -0.403383820560404, -0.564399527179788, -0.0520409940640607, -0.407115522679895, -0.0691551981303395, -0.144256444581581, -0.153353229018366, -0.11204975275744, -0.350750074072716, -0.385204698300228, -0.0582049325843407, -0.287472670039619, -0.116081950229317, -0.287982784118731, -0.391001102906559, -0.0592233751591651, -0.543316284741483, -0.0580064149370252, -0.274074997768539, 
-0.0768842998086683, -0.19051609714931, -0.516873834310083, -0.180910027104157, -0.148336611211392, -0.567827134342946, -0.470143878762984, -0.133563884176942, -0.387841752634067, -0.226458798354654, -0.088935509252403, -0.667526924766681, -0.314643563319072, -0.846791037957802, -0.319321672036382, -0.234104512747349, -0.137324154945571, -0.309715639421551, -0.391650904877855, -0.177880935584322, -0.154886824296139, -0.364924562037887, -0.161139001815809, -0.246623802376161, -0.510343104604633, -0.252323752544899, 
-0.195378649212179, -0.345221940580981, -0.0603730073224595, -0.0999579692034861, -0.0501443494772678, -0.0630489814489819, -0.0665953669269766, -0.100601579884129, -0.203653165949503, -0.224313193824861, -0.38060402395949, -0.196024214227447, -0.250027090116088, -0.23631794584913, -0.180869604971066, -0.0859440412486424, -0.157718030581342, -0.38292791748989, -0.823696265197955, -0.540676145344595, -0.399459211867747, -0.347571742996198, -0.270721029006546, -0.21556149063799, -0.253835927162644, 
-0.318030327600875, -0.222050197859505, -0.352996532001425, -0.492678297764951, -0.306568329421581, -0.238285660156965, -0.313061634189701, -0.788189310304381, -0.361259859092321, -0.363359298468915, -0.721085729399704, -0.142723141300379, -0.216372952016975, -0.0768440683210434, -0.0797949258393364, -0.105024876277432, -0.11820039351119, -0.0775566477737992, -0.105406819447854, -0.0440024987038297, -0.26988288679759, -0.117613160797679, -0.15553952227459, -0.131217004452311, -0.117353469226664, 
-0.0845728365701022, -0.100900318744736, -0.36254247670482, -0.130241197739888, -0.118897375739918, -0.348169635652399, -0.263064078058055, -0.816740996896085, -0.0479663479457, -0.0713877948243358, -0.149488716892804, -0.594615161464069, -0.0322054397053036, -0.0937453308273675, -0.0479304264407489, -0.10643409226609, -0.0723780677100762, -0.0821180351667018, -0.100966300052839, -0.163801901563573, -0.089672821156713, -1.55544322721023, -0.473907359638438, -0.0783176713763836, -0.124071524640965, 
-0.720323525997744, -0.363103454759068, -0.179527143260129, -0.337672325076828, -0.615051512832921, -0.192518180062817, -0.305950113257999, -0.147875599392826, -0.518418808622697, -0.194960606254924, -0.185343341844971, -0.403998452136455, -0.735982374900544, -0.21504537453869, -0.44911369377543, -0.168129638771903, -0.559669906645556, -0.0597622570670975, -0.0574640365955663, -0.0981760337523649, -0.0977357793735202, -0.0715261287784498, -0.111574015567566, -0.121309436622484, -0.208741674155075, 
-0.23882944777007, -0.0884984953572318, -0.0766614712983201, -0.265618344324073, -0.100677063763191, -0.0894175455583452, -0.12259675358703, -0.26436133952736, -0.31082473175491, -0.456206020131916, -0.139518661618505, -0.176734557208088, -0.141934296355818, -0.2211415760253, -0.230316950125828, -0.214295586848201, -0.172283577240284, -0.216293966212855, -0.260225738143595, -0.481492836912247, -0.0582482544717851, -0.0734082198706501, -0.0707242016208762, -0.0990264661751931, -0.0876231561425501, 
-0.177716559573505, -0.167041954409624, -0.150197643644072, -0.160712930195522, -0.529168726604646, -0.353907218011333, -0.377627061391034, -0.485736592401755, -0.212800693218965, -0.693034736454013, -0.349137736956127, -0.0958816240664346, -0.0857998389250545, -0.58696516664281, -0.944863531525259, -0.267039109468254, -0.241534416424209, -0.164993121192104, -0.152856762493103, -0.134093016278521, -0.226148700982009, -0.149094019073693, -0.0924281443546124, -0.186503192461628, -0.49900519479766, 
-1.56279846277686, -0.368981165237701, -0.423529451124701, -0.155911253528055, -0.514961633380135, -0.341116875342491, -0.0497827980971653, -0.174643696162973, -0.331756026589414, -0.524714099693036, -0.213794600018361, -0.242475961908953, -0.526704940523574, -0.427273480990382, -0.227584001371956, -1.13631998619936, -0.0898720797606186, -0.465503028719954, -0.22395951140319, -0.131483299084487, -0.192719310878875, -0.105336750225244, -0.214700727428159, -0.542880859450258, -0.900136776108418, -0.179524754880151, 
-0.0399113458175616, -0.0464064391606225, -0.0522379406906501, -0.118544286031362, -0.221422085203204, -0.220045691857983, -0.203448500456989, -0.281260977918396, -0.431285103217896, -0.164864739370542, -0.15966658956796, -0.274404844764252, -0.29792517097791, -0.32533168466806, -0.242116710064503, -0.378923720253971, -0.287557650034381, -0.827566017531177, -0.218102195379109, -0.366258780969539, -0.272645605039268, -0.453366084079007, -0.108997560208693, -0.112521011371069, -0.156720171371438, -0.131623112075576, 
-0.120479780347638, -0.178353422385801, -0.0725110475447122, -0.243551694126037, -0.214865872615029, -0.284875573091247, -0.208964183329016, -0.122199701342802, -0.0465862820468718, -0.43902647576536, -0.12189309505805, 0.619538088574182, -0.0560183944965896, -0.0858765179596534, -0.205176112486838, -0.321759563591512, -0.0361810985552938, -0.056718527707163, -0.0396105297802579, -0.0153565449941602, -0.0496386280294244, -0.0352283575540428, -0.334733466155971, -0.791254140914951, -0.216498863234336, 
-0.0259752421429678, -0.456070428946469, -0.170151771924649, -0.0352415939340919, -0.0958098958287191, -0.299406169160037, -0.394126100253688, -0.300798664882825, -0.519528804732486, -0.0932710090816753, -0.106378053838854, -0.0506849240500165, -0.029490266842504, -0.0505662276150722, -0.35167647789652, -0.140234897306042, -0.0920467340006832, -0.222321324089637, -0.116175778319721, -0.223108461680224, -0.0474919776337017, -0.0326463502233281, -0.116846220060326, -0.128940716918439, -0.0588180927638478, 
-0.152233912687953, -0.508935330733149, -0.114193048422819, -0.151893835702271, -0.204779427908362, -0.673461866834269, -0.22694976151842, -0.0928577809340705, -0.227362946492465, -0.0886865945898757, -0.258096686893793, -0.204633118431636, -0.0738241506616933, -0.0536507010738314, -0.750836351972322, -0.181254853300108, -0.502630838614638, -0.0687688835373257, -0.11855493406688, -0.234806790902743, -0.182012629024424, -0.0400023614707847, 0.291688015647215, -0.305905135811733, -0.068691077977289, 
-0.230241222784138, -0.0439449024197117, -0.284104623381657, -0.0670201079084716, 0.840119186387414, -0.145484607155144, -0.464733588989121, -0.227189752766523, -0.747892737040933, -0.126834789597394, -0.227914776075076, -0.131434924004145, -0.270742399101361, -0.924706487331586, 0.882628706760863, -0.125440941008965, 0.746017909980145, -0.581304714719163, 0.525855628554286, 0.854598611793831, -0.0295993390328321, 0.956837576382281, -0.248272081763618, 0.834713583627963, -0.164022394533526, -0.192632298583978, 
-0.00427105212382431, 0, -1.11257994909898, -0.316692362622967, 0.918133766472683, 0.9053536031738, -0.107204422776174, 0.358095924251935, -0.087799630963769, -0.0352299612232908, 0.849879409283793, 0.868452165271399, -0.150689458660126, 0.721786559920688, -0.111670749692247, 0.553383087773034, -0.343397631238201, -0.000811772563227212, 0.841560028818902, 0.784561726959385, 0.928093767585275, 0.824093794428788, -0.148630607006428, 0.900439071676101, -0.237305133753063, 0.741140036281132, -0.471081366558675, 
0.939588308904805, 0.68437017980416, 0.895674637102069, 0.636325477934399, 0.867419968274452, -0.105351695318555, -0.0692638621118428, -0.128782174745453, -0.194302559439981, -0.265399209945508, 0.937148596044349, -0.134418161027228, 0.7026911792237, -0.0753559793237361, -0.150223934437427, 0.973685709796293, 0.853097609223335, 0.854231671890986, 0.856250025528452, 0.11340749447073, -0.950320743612605, -0.0654090824769807, -0.329641733622616, 0.891139264999456, 0.983401659913195, 0.826958692629089, 
0.725802341831363, 0.935772647146482, -0.164334593989009, 0.53365021221884, 0.956011837734894, -0.523352117560703, -0.292645183200595, 0.283044520579391, 0.914178523211597, 0.746739091822887, 0.998453350110213, 0, -0.197224628799056, 0.820132508299356, 0.8913389774229, 0.939568080093171, 0.72506732530984, 0.973454505999578, -0.224701330674197, 0.997030079332253, -0.065298935506055, -0.160464950879704, -0.134223864559164, -0.262926039542025, -0.29608112879111, 0.852860093278316, -0.220167661673225, 
-0.199165288152861, -0.0868651910077069, -0.113516768911873, -0.182080722706994, -0.293459157712465, -0.0564753549012054, -0.170055505297299, 0.0418123971158366, -0.151295324655035, 0.965556240058418, -0.296088545487021, -0.163233058954012, 0.999378887753633, 0.519277850824109, 0.933905255826277, 0.459354435417925, -0.136353326105033, 0.514494856863837, -0.10963849971326, -0.121324947918277, -0.156376949025366, -0.0599157586642638, -0.436130837943707, 0.90299402773778, -0.0227744632603231, -0.309817624281031, 
-0.138948047312007, 0.584700881305215, -0.044498892377177, -0.102999911995921, -0.0490376868359362, -0.100457046868776, -0.843607124380234, -0.648778632217284, -0.968872834168362, -0.0789453742481785, -0.115368379003416, -0.255305619549974, -0.129284914114804, -0.241526368885311, -0.114658028033469, -0.229482299808959, -0.167316899478378, -0.429068153482372, -0.139421416192272, -0.230617838352494, -0.0635635945446188, 0.920983346433868, -0.0956080779894158, -0.0491767619119871, -0.0830763641381209, 
-0.155278941513256, -0.238622324450867, 0.998622236799657, -0.299618064774039, -0.117052340140616, -0.0765132386273759, -0.158457206667813, -0.253368620855201, -0.277602179247743, -0.334215601730306, -0.170029833671695, -0.0889352755012086, -0.157523835683891, -0.902645268786813, -0.31224036149362, -0.0503235665292296, -0.147126793996114, -0.175704400417391, -0.0594489669032353, -0.525747216416122, -0.105537416611806, -0.148022548021313, -0.111044678571276, -0.0395678178297373, 0.673105873144498, 
0.986847144616146, -0.0191395291057481, 0.666692629358716, 0.81862925708456, -0.188391834902122, -0.0615836965594425, 0.989158741119071, -0.208879251096963, 0.886578033531221, 0.835325230155576, 0, 0.450755083464919, -0.00554107236279078, 0.906342932774788, 0.6987239563992, -0.180498672127621, -0.114523426230017, 0.886293660442936, -0.231764466989166, -0.22322457050161, 0.961933109387821, 0.851859043996749, 0, 0.537546816020439, 0.917769624488745, 0, 0.95022241599599, 0.932146449445243, 0.768410095719595, 
0.909993765057381, -0.682944334421298, 0.839566765399642, 0.885065981678743, 0.735704383791161, -0.102886996009615, 0, -0.011430929909562, 0.421102208085316, 0, 0.881279534269901, 0.936155717768307, 0, 0.801890981581923, 0.835430960212079, 0, 0, -0.120670125565782, -0.563468969190755, 0.64548803742573, -0.216350773294944, 0.871409713275195, 0, 0.980273592445951, -0.10519200131045, 0.888878690287591, -0.115299747803435, 0.937615394212251, -0.347544166188464, -0.0478772230900581, -0.224460144658045, 
0.951279177341154, -0.333074001387864, 0, -0.142744723748623, 0.939974380010811, 0.864060273734615, 0, 0.802764533942504, -0.298167961264523, 0.697009512798452, 0.944528001206943, 0.991812738732944, -0.0975160587304168, -0.368667119402519, 0.759991539555875, 0.606503325778576, 0.907331497980153, 0.978565765586602, 0.961425181304459, 0.743097157881691, 0.602499367834968, 0.851297640046211, 0.739075069223689, 0.977544719808397, 0.835556523445935, 0.806040308587226, 0.524942641656706, 0.894191749783288, 
0.675656483444494, 0.688277911248133, 0.953732461946076, 0.911955705936329, 0.907395267113934, -0.00537651006238507, 0.498138176513744, -0.0837620314258528, 0.772925523019199, 0.835071292479702, 0.814046649543984, -0.149192352693518, 0.966774283505747, 0.929088976031675, 0.928923778072305, -0.491402257340738, -0.00716155162374453, -0.00361363593800269, 0.93159951388971, 0.887195392796888, 0.594388019976421, -0.0888026774718846, -0.00173850385183506, 0.843944950318665, 0.899376191239682, 0.969527558806277, 
-0.00272992070242113, 0.985581692384695, -0.00328436373234743, -0.00341214826051792, 0.6493474885046, 0, 0.777343641385211, 0.700316625124492, -0.0010545363643561, 0.944321416686885, -0.0880657322720368, -0.0682601003042931, 0.942086597015666, -1.02200271254184, 0.890641479863847, 0.962901266832725, 0.212578044627936, -0.802069551120302, 0.997346971393025, 0.946944449264505, 0.814366905157207, 0.818506018907635, 0, 0, 0.747688864816065, 0.871235797787441, 0.858705368418494, 0.869611032884894, 0.853476929795764, 
0.924193525087592, 0.683647164113137, 0.98890568159285, 0.970863168294344, 0, 0, 0.85765149412977, -0.331676052388078, -0.138328999223595, -0.251225044299511, 0.828024046403356, 0.902899476330852, -0.102666763726037, -0.236324319599695, 0.72517313895782, -0.00145973015129826, -0.149083981620402, 0.0539824789882486, -0.427313990832743, 0.908143802411357, 0.978488925257322, -0.241403608418992, -0.157789993062295, -0.290429888900457, -0.168206237744668, -0.281203634301174, -0.0959865752398315, -2.12029047102098, 
0.83729219002759, -0.376916898697196, 0.9498017476334, -0.161522643291221, 0.858935818624987, -0.153139571936685, -0.133928885234743)
c(55.9249165739711, 0.582313681868743, 0.603448275862069, 0.0634037819799778, 2.08398220244716, 0.787541713014461, 2.91657397107898, 0.815906562847608, 3.13181312569522, 0.862625139043382, 2.05617352614016, 0.0478309232480534)
c(374736, 143565, 29, 1347, 15451.0421450896)
efron
1798
428
Surv(time = OS, event = status) ~ Age + Sex + ECOG + Histology + Grade + RTCT + pT + pN + CTcicles + RTbreak + RTtox + Residual
list(Age = 1, Sex = 2, ECOG = 3, Histology = 4, Grade = 5, RTCT = 6, pT = 7, pN = 8, CTcicles = 9, RTbreak = 10, RTtox = 11, Residual = 12)
276.323420327168
c(71, 52, 61, 44, 38, 110, 42, 60, 73, 78, 87, 86, 140, 143, 28, 48, 55, 60, 61, 65, 37, 48, 120, 145, 46, 44, 42, 38, 41, 39, 134, 38, 39, 24, 23, 59, 21, 24, 24, 14, 30, 59, 42, 13, 81, 35, 42, 83, 47, 36, 35, 7, 14, 2, 23, 26, 77, 37, 98, 31, 67, 136, 99, 62, 45, 46, 100, 51, 21, 35, 84, 60, 74, 66, 93, 23, 92, 35, 51, 67, 46, 41, 37, 35, 52, 54, 29, 20, 53, 53, 22, 43, 16, 17, 85, 21, 26, 16, 96, 27, 21, 34, 69, 46, 40, 37, 70, 55, 27, 36, 11, 127, 36, 82, 78, 75, 87, 79, 53, 68, 68, 128, 21, 
28, 66, 66, 30, 32, 33, 44, 51, 59, 60, 61, 62, 66, 51, 40, 30, 68, 68, 71, 73, 76, 77, 83, 84, 27, 20, 20, 53, 57, 22, 74, 86, 126, 25, 45, 56, 40, 57, 43, 29, 70, 53, 35, 7, 40, 71, 37, 47, 21, 49, 71, 52, 37, 33, 78, 35, 32, 86, 19, 51, 85, 16, 54, 23, 34, 31, 27, 20, 76, 22, 60, 41, 29, 44, 28, 25, 57, 74, 93, 25, 50, 49, 31, 40, 82, 19, 72, 81, 80, 20, 27, 37, 27, 50, 35, 52, 57, 51, 59, 32, 37, 40, 43, 45, 47, 51, 59, 28, 36, 47, 44, 34, 42, 68, 71, 73, 75, 79, 79, 81, 50, 54, 46, 20, 34, 62, 
60, 94, 47, 26, 30, 34, 34, 20, 26, 60, 21, 46, 32, 35, 26, 34, 20, 13, 19, 23, 73, 88, 16, 35, 27, 23, 24, 31, 24, 85, 14, 43, 20, 37, 26, 61, 28, 36, 65, 68, 60, 32, 79, 24, 66, 80, 28, 28, 34, 35, 51, 50, 67, 33, 38, 50, 41, 24, 40, 34, 73, 76, 78, 80, 85, 89, 20, 51, 48, 10, 39, 49, 44, 23, 33, 66, 26, 86, 57, 21, 29, 75, 68, 72, 77, 64, 20, 60, 58, 12, 24, 150, 47, 27, 33, 20, 16, 34, 47, 36, 86, 95, 51, 90, 93, 92, 95, 133, 45, 110, 122, 127, 77, 117, 127, 129, 148, 41, 89, 49, 49, 24, 84, 
84, 45, 43, 24, 45, 22, 143, 30, 82, 86, 86, 79, 33, 43, 44, 63, 90, 105, 109, 133, 92, 113, 113, 138, 51, 27, 27, 102, 133, 145, 38, 49, 52, 57, 60, 63, 63, 70, 34, 31, 31, 36, 40, 39, 39, 44, 47, 50, 54, 53, 57, 59, 59, 63, 62, 66, 68, 56, 23, 54, 93, 100, 123, 128, 132, 99, 102, 103, 104, 110, 110, 112, 123, 126, 125, 132, 134, 139, 140, 32, 97, 100, 117, 37, 42, 20, 70, 75, 75, 75, 76, 76, 77, 78, 78, 78, 80, 83, 85, 87, 87, 92, 99, 37, 27, 99, 115, 99, 37, 38, 47, 30, 21, 19, 20, 21, 86, 18, 
23, 44, 46, 143, 95, 45, 108, 17, 31, 61, 17, 20, 53, 54, 101, 66, 122, 54, 108, 90, 23, 98, 23, 95, 96, 42, 130, 21, 27, 135, 71, 92, 116, 17, 26, 50, 46, 57, 40, 35, 45, 29, 39, 33, 95, 73, 36, 42, 110, 68, 49, 44, 70, 27, 54, 56, 82, 65, 18, 24, 15, 76, 52, 43, 16, 30, 54, 11, 96, 41, 68, 61, 138, 69, 29, 50, 77, 79, 67, 17, 59, 72, 64, 48, 33, 63, 38, 70, 58, 30, 59, 83, 74, 21, 77, 71, 51, 48, 49, 26, 26, 27, 60, 73, 50, 66, 98, 28, 31, 22, 13, 27, 13, 39, 38, 94, 29, 20, 35, 46, 26, 34, 25, 
19, 32, 16, 50, 55, 84, 34, 39, 27, 34, 121, 32, 33, 49, 31, 21, 18, 24, 47, 28, 45, 57, 54, 54, 23, 42, 1, 29, 60, 54, 32, 53, 70, 107, 17, 54, 52, 27, 51, 32, 90, 101, 21, 97, 54, 32, 44, 54, 101, 29, 138, 144, 42, 22, 78, 85, 36, 21, 21, 55, 23, 25, 31, 35, 31, 39, 44, 65, 56, 25, 61, 41, 26, 18, 50, 20, 31, 45, 40, 35, 148, 9, 47, 28, 65, 23, 20, 76, 21, 31, 66, 129, 30, 49, 49, 100, 92, 70, 81, 84, 28, 30, 91, 101, 104, 20, 54, 54, 25, 78, 56, 48, 59, 27, 101, 32, 36, 45, 54, 109, 20, 38, 39, 
39, 23, 37, 71, 76, 39, 34, 64, 62, 119, 72, 49, 51, 23, 20, 18, 20, 55, 17, 57, 35, 48, 59, 47, 10, 57, 43, 49, 43, 26, 71, 39, 10, 51, 84, 23, 48, 17, 66, 16, 12, 18, 70, 21, 44, 80, 42, 70, 35, 38, 76, 30, 29, 8, 18, 56, 25, 51, 42, 50, 21, 68, 39, 49, 82, 68, 33, 49, 57, 67, 20, 37, 67, 29, 25, 145, 24, 26, 8, 29, 122, 118, 54, 49, 72, 43, 22, 85, 71, 44, 105, 91, 141, 124, 48, 54, 27, 52, 60, 36, 50, 95, 97, 104, 104, 114, 125, 135, 132, 132, 43, 73, 75, 99, 107, 121, 36, 90, 48, 17, 24, 21, 
146, 95, 95, 29, 78, 117, 86, 110, 118, 18, 94, 78, 36, 55, 44, 72, 35, 31, 44, 57, 34, 67, 46, 45, 17, 63, 6, 55, 18, 19, 11, 26, 29, 12, 6, 60, 55, 10, 99, 44, 39, 35, 17, 5, 21, 39, 66, 50, 12, 23, 9, 27, 154, 16, 50, 58, 55, 122, 137, 127, 12, 81, 18, 47, 34, 66, 37, 20, 72, 51, 94, 78, 36, 119, 144, 31, 27, 25, 46, 39, 105, 81, 37, 22, 108, 52, 57, 22, 50, 89, 32, 22, 38, 52, 13, 96, 22, 32, 12, 26, 34, 81, 60, 58, 24, 22, 78, 15, 54, 15, 18, 20, 27, 28, 25, 25, 7, 41, 32, 47, 82, 93, 49, 69, 
30, 28, 65, 112, 38, 29, 41, 99, 19, 30, 28, 81, 57, 53, 12, 39, 58, 5, 57, 39, 29, 15, 18, 36, 113, 22, 72, 146, 66, 69, 77, 72, 74, 77, 105, 22, 55, 20, 22, 57, 50, 60, 26, 11, 46, 15, 10, 18, 11, 63, 27, 11, 4, 3, 70, 95, 48, 125, 43, 18, 53, 128, 22, 101, 26, 14, 62, 29, 10, 30, 21, 51, 27, 25, 28, 86, 20, 26, 81, 59, 31, 58, 62, 52, 42, 2, 70, 87, 40, 57, 7, 42, 62, 66, 72, 65, 67, 67, 68, 68, 69, 69, 26, 56, 65, 65, 53, 91, 94, 95, 64, 69, 69, 108, 96, 114, 45, 94, 93, 113, 116, 127, 147, 154, 
156, 155, 66, 93, 95, 105, 111, 114, 117, 128, 129, 118, 27, 116, 28, 63, 74, 54, 62, 129, 27, 62, 51, 66, 67, 25, 58, 27, 32, 26, 120, 148, 54, 96, 52, 92, 66, 71, 69, 70, 76, 77, 76, 78, 78, 81, 81, 84, 86, 85, 88, 144, 145, 149, 83, 80, 79, 23, 28, 29, 30, 43, 49, 53, 55, 55, 56, 106, 116, 40, 33, 33, 90, 100, 104, 123, 128, 132, 131, 137, 140, 141, 143, 96, 100, 112, 126, 127, 131, 151, 151, 27, 33, 37, 45, 49, 27, 28, 28, 28, 31, 31, 31, 33, 28, 38, 38, 50, 48, 48, 49, 51, 145, 25, 32, 52, 52, 
19, 26, 24, 25, 29, 31, 34, 50, 48, 49, 58, 40, 43, 53, 57, 58, 60, 61, 63, 64, 61, 61, 63, 62, 64, 63, 66, 65, 66, 71, 29, 33, 38, 39, 37, 39, 39, 42, 40, 41, 43, 44, 43, 44, 43, 46, 46, 47, 50, 51, 51, 54, 59, 60, 60, 61, 71, 37, 26, 28, 37, 38, 41, 47, 49, 49, 96, 97, 97, 113, 128, 130, 143, 145, 48, 48, 90, 91, 93, 94, 96, 104, 105, 108, 108, 108, 117, 127, 130, 131, 143, 146, 103, 128, 31, 32, 44, 44, 98, 117, 119, 121, 121, 136, 144, 149, 34, 43, 43, 38, 39, 96, 97, 38, 22, 22, 24, 67, 70, 
72, 77, 71, 72, 73, 74, 74, 73, 75, 82, 85, 92, 96, 146, 41, 102, 40, 35, 39, 34, 34, 34, 50, 34, 34, 55, 69, 66, 75, 31, 39, 54, 53, 25, 37, 50, 59, 22, 23, 26, 21, 20, 22, 37, 63, 36, 27, 44, 60, 18, 51, 101, 51, 60, 56, 31, 31, 31, 18, 26, 56, 47, 17, 53, 29, 109, 33, 22, 27, 46, 23, 53, 54, 53, 84, 56, 54, 60, 53, 89, 29, 56, 47, 30, 24, 93, 71, 111, 22, 133, 32, 24, 22, 117, 140, 27, 97, 24, 117, 23, 62, 112, 28, 127, 137, 18, 129, 39, 56, 51, 46, 39, 40, 49, 30, 52, 20, 10, 66, 49, 100, 38, 
9, 2, 95, 27, 19, 29, 37, 61, 45, 25, 20, 25, 48, 31, 52, 134, 47, 4, 56, 80, 14, 38, 58, 31, 45, 31, 35, 12, 52, 15, 40, 26, 57, 21, 60, 84, 105, 14, 47, 66, 14, 38, 10, 55, 31, 22, 109, 46, 39, 83, 28, 13, 33, 73, 8, 72, 115, 11, 70, 72, 64, 29, 89, 4, 1, 111, 31, 45, 24, 70, 9, 62, 6, 44, 59, 85, 40, 74, 29, 75, 57, 61, 83, 83, 113, 64, 49, 61, 86, 27, 60, 77, 4, 12, 20, 51, 60, 44, 51, 66, 84, 27, 82, 69, 36, 59, 62, 67, 29, 51, 30, 38, 83, 72, 89, 46, 26, 45, 33, 49, 51, 71, 70, 49, 68, 61, 
29, 18, 37, 48, 71, 34, 33, 5, 68, 77, 34, 38, 31, 61, 78, 38, 36, 57, 77, 24, 25, 49, 82, 30, 57, 55, 71, 41, 39, 62, 9, 10, 50, 66, 55, 18, 8, 62, 22, 50, 2, 56, 7, 22, 38, 75, 47, 30, 57, 72, 13, 25, 2, 43, 23, 2, 14, 33, 63, 48, 49, 28, 48, 68, 49, 2, 7, 88, 3, 32, 41, 2, 45, 32, 2, 1, 54, 71, 35, 15, 21, 3, 21, 50, 48, 60, 44, 22, 27, 133, 24, 57, 2, 22, 17, 40, 2, 44, 180, 61, 13, 12, 36, 85, 34, 38, 46, 16, 24, 52, 42, 35, 23, 9, 29, 38, 37, 28, 33, 14, 15, 36, 36, 4, 58, 20, 18, 37, 22, 49, 
22, 25, 23, 150, 15, 6, 24, 17, 37, 26, 5, 55, 38, 17, 7, 19, 5, 6, 27, 1, 14, 61, 6, 16, 32, 19, 30, 103, 41, 14, 107, 48, 6, 12, 63, 65, 2, 2, 35, 31, 33, 53, 16, 24, 26, 9, 17, 2, 2, 19, 108, 46, 121, 16, 21, 42, 72, 71, 4, 24, 79, 115, 29, 11, 85, 37, 50, 60, 137, 35, 67, 47, 57, 26, 49, 36, 68, 29, 0, 1, 0, 0, 0, 0, 0, 0, 0, 0, 0, 0, 0, 0, 0, 0, 0, 0, 0, 0, 0, 0, 0, 0, 0, 0, 0, 0, 0, 0, 0, 0, 0, 0, 0, 0, 0, 0, 0, 1, 0, 1, 0, 1, 0, 0, 0, 0, 0, 1, 1, 0, 1, 0, 1, 1, 0, 1, 0, 0, 1, 0, 0, 0, 1, 1, 
0, 0, 0, 0, 0, 0, 0, 0, 0, 0, 0, 0, 0, 0, 0, 0, 0, 0, 0, 0, 0, 1, 1, 1, 1, 0, 1, 1, 1, 1, 0, 0, 0, 0, 0, 0, 0, 0, 1, 1, 0, 1, 0, 1, 0, 0, 0, 0, 0, 0, 0, 0, 0, 0, 0, 0, 0, 0, 0, 0, 0, 0, 0, 0, 0, 0, 0, 0, 0, 0, 0, 0, 0, 0, 0, 0, 0, 0, 0, 0, 0, 0, 0, 0, 0, 0, 0, 0, 0, 0, 1, 0, 1, 0, 1, 1, 0, 0, 1, 1, 0, 1, 0, 0, 0, 0, 0, 0, 0, 0, 0, 0, 0, 0, 0, 0, 0, 0, 0, 0, 1, 1, 1, 1, 1, 0, 0, 0, 1, 1, 0, 0, 0, 0, 0, 0, 0, 0, 0, 0, 0, 0, 0, 0, 0, 0, 0, 0, 0, 0, 0, 0, 0, 0, 0, 0, 0, 0, 0, 0, 0, 0, 0, 0, 0, 0, 0, 
0, 0, 0, 0, 0, 0, 0, 0, 0, 0, 0, 0, 0, 0, 0, 0, 0, 0, 0, 0, 0, 0, 1, 1, 0, 0, 1, 0, 0, 0, 1, 1, 1, 1, 1, 0, 0, 0, 0, 0, 0, 1, 1, 0, 0, 0, 1, 1, 1, 1, 1, 0, 0, 0, 0, 0, 0, 0, 0, 0, 0, 0, 0, 0, 0, 0, 0, 0, 0, 0, 0, 0, 0, 0, 0, 0, 0, 0, 0, 0, 0, 0, 0, 0, 0, 1, 0, 0, 0, 0, 0, 0, 1, 1, 1, 1, 0, 0, 0, 0, 0, 0, 0, 0, 0, 1, 1, 0, 0, 1, 1, 1, 1, 1, 0, 0, 0, 0, 0, 0, 0, 0, 0, 0, 0, 0, 0, 0, 0, 0, 0, 0, 0, 0, 0, 0, 0, 0, 0, 0, 0, 0, 0, 0, 0, 0, 0, 0, 0, 0, 0, 0, 0, 0, 0, 0, 0, 0, 0, 0, 0, 0, 0, 0, 0, 0, 0, 
0, 0, 0, 0, 0, 0, 0, 0, 0, 0, 0, 0, 0, 0, 0, 0, 0, 0, 0, 0, 0, 0, 0, 0, 0, 0, 0, 0, 0, 0, 0, 0, 0, 0, 0, 0, 0, 0, 0, 0, 0, 0, 0, 0, 0, 0, 0, 0, 0, 0, 0, 0, 0, 0, 0, 0, 0, 0, 0, 0, 0, 0, 0, 0, 0, 0, 0, 0, 0, 0, 0, 0, 0, 0, 0, 0, 0, 0, 0, 1, 0, 0, 0, 0, 0, 0, 0, 0, 0, 0, 0, 0, 0, 0, 0, 0, 0, 0, 0, 0, 0, 0, 0, 0, 0, 0, 0, 0, 0, 0, 0, 0, 0, 0, 0, 0, 0, 0, 0, 0, 1, 1, 0, 0, 0, 0, 0, 1, 1, 1, 0, 0, 1, 1, 0, 0, 1, 1, 1, 0, 1, 1, 1, 1, 1, 0, 0, 1, 1, 1, 1, 0, 1, 1, 1, 1, 1, 1, 0, 1, 0, 0, 0, 0, 1, 0, 0, 
0, 0, 1, 0, 0, 0, 0, 0, 0, 0, 0, 0, 0, 0, 0, 0, 1, 0, 0, 0, 0, 0, 0, 0, 0, 0, 0, 1, 1, 1, 1, 1, 1, 0, 1, 1, 1, 1, 0, 1, 1, 0, 0, 0, 1, 1, 1, 1, 1, 1, 1, 1, 1, 1, 1, 1, 1, 1, 1, 1, 1, 1, 1, 1, 1, 0, 0, 1, 1, 1, 1, 1, 0, 1, 0, 0, 0, 0, 0, 0, 0, 1, 1, 0, 0, 0, 0, 0, 0, 0, 0, 0, 0, 0, 0, 0, 0, 0, 0, 0, 0, 0, 0, 0, 0, 0, 0, 0, 0, 0, 0, 1, 1, 0, 0, 1, 0, 1, 1, 1, 1, 1, 0, 1, 1, 1, 0, 1, 0, 1, 0, 0, 0, 1, 1, 1, 0, 0, 0, 0, 0, 0, 0, 0, 0, 0, 0, 0, 0, 0, 0, 0, 0, 0, 0, 0, 0, 0, 0, 0, 0, 0, 0, 0, 0, 0, 0, 
0, 0, 0, 0, 0, 0, 0, 0, 0, 0, 0, 0, 0, 1, 0, 0, 0, 0, 0, 0, 0, 0, 0, 0, 0, 0, 1, 1, 0, 1, 0, 1, 1, 0, 0, 0, 0, 1, 1, 1, 0, 0, 1, 1, 0, 1, 1, 0, 0, 0, 0, 0, 0, 0, 0, 1, 0, 1, 0, 0, 0, 1, 1, 0, 1, 1, 0, 0, 0, 1, 0, 1, 0, 1, 0, 0, 0, 0, 1, 0, 1, 0, 0, 0, 0, 0, 0, 0, 0, 0, 0, 0, 0, 0, 0, 0, 0, 0, 0, 0, 0, 0, 0, 0, 0, 0, 0, 0, 0, 0, 0, 0, 0, 0, 0, 0, 0, 0, 0, 0, 0, 0, 0, 0, 0, 0, 0, 0, 0, 0, 1, 0, 0, 1, 1, 0, 1, 0, 1, 0, 0, 0, 0, 0, 0, 0, 1, 1, 1, 1, 1, 1, 1, 0, 1, 0, 1, 1, 1, 1, 1, 1, 0, 1, 1, 1, 1, 
0, 1, 1, 1, 1, 0, 1, 1, 1, 0, 1, 0, 0, 1, 0, 0, 0, 0, 0, 0, 0, 1, 0, 1, 0, 0, 0, 0, 0, 0, 0, 0, 0, 0, 0, 0, 0, 0, 0, 0, 0, 0, 0, 0, 0, 1, 0, 0, 1, 1, 1, 1, 0, 1, 1, 1, 1, 1, 0, 0, 0, 1, 1, 1, 0, 0, 1, 1, 1, 1, 0, 1, 0, 0, 0, 1, 0, 0, 0, 0, 0, 0, 0, 0, 0, 0, 0, 0, 0, 0, 0, 0, 0, 0, 1, 1, 1, 1, 1, 1, 0, 1, 1, 1, 1, 1, 1, 0, 0, 0, 0, 0, 0, 0, 0, 0, 0, 1, 0, 0, 0, 1, 1, 1, 1, 0, 0, 1, 1, 1, 0, 0, 0, 0, 0, 0, 0, 0, 0, 0, 0, 0, 0, 0, 0, 0, 1, 0, 1, 0, 1, 1, 0, 0, 0, 0, 0, 1, 1, 0, 0, 0, 0, 0, 0, 1, 0, 
0, 0, 0, 0, 1, 0, 0, 0, 0, 0, 0, 0, 0, 0, 0, 0, 0, 0, 0, 0, 0, 0, 0, 0, 0, 0, 0, 0, 0, 0, 0, 0, 0, 0, 0, 0, 0, 0, 0, 0, 0, 0, 0, 0, 0, 0, 0, 0, 0, 0, 0, 0, 0, 0, 0, 0, 0, 0, 0, 0, 0, 0, 0, 0, 0, 0, 0, 0, 0, 0, 0, 0, 0, 0, 0, 0, 0, 0, 0, 0, 0, 0, 0, 0, 0, 0, 0, 0, 0, 0, 0, 0, 0, 0, 0, 0, 0, 0, 0, 0, 0, 0, 0, 0, 0, 0, 0, 0, 0, 0, 0, 0, 0, 0, 0, 0, 0, 0, 0, 0, 0, 0, 0, 0, 0, 0, 0, 0, 0, 0, 0, 0, 0, 0, 0, 0, 0, 0, 0, 0, 0, 0, 0, 0, 0, 0, 0, 0, 0, 0, 0, 0, 0, 0, 0, 0, 0, 0, 0, 0, 0, 0, 0, 0, 0, 0, 0, 
0, 0, 0, 0, 0, 0, 0, 0, 0, 0, 0, 0, 0, 0, 0, 0, 0, 0, 0, 0, 0, 0, 0, 0, 0, 0, 0, 0, 0, 0, 0, 0, 0, 0, 0, 0, 0, 0, 0, 0, 0, 0, 0, 0, 0, 0, 0, 0, 0, 0, 0, 0, 0, 0, 0, 0, 0, 0, 0, 0, 0, 0, 0, 0, 0, 0, 0, 0, 0, 0, 0, 0, 0, 0, 0, 0, 0, 0, 0, 0, 0, 0, 0, 0, 0, 0, 0, 0, 0, 0, 0, 0, 0, 0, 0, 0, 0, 0, 0, 0, 0, 0, 0, 0, 0, 0, 0, 0, 0, 0, 0, 0, 0, 0, 0, 0, 0, 0, 0, 0, 0, 0, 0, 0, 0, 0, 0, 0, 0, 0, 0, 0, 0, 0, 0, 0, 0, 0, 0, 1, 0, 0, 0, 0, 0, 0, 0, 0, 0, 0, 0, 0, 0, 0, 0, 0, 0, 0, 0, 0, 0, 0, 0, 0, 0, 0, 0, 
0, 0, 0, 0, 0, 0, 0, 0, 0, 0, 0, 0, 0, 0, 0, 0, 0, 0, 0, 0, 0, 0, 0, 0, 0, 0, 0, 0, 0, 0, 0, 0, 0, 1, 0, 0, 0, 0, 0, 0, 1, 0, 0, 1, 0, 0, 0, 0, 0, 0, 1, 0, 1, 0, 1, 1, 0, 1, 0, 1, 0, 0, 0, 0, 0, 0, 1, 1, 0, 1, 0, 0, 1, 1, 0, 1, 0, 1, 0, 0, 1, 1, 1, 1, 0, 1, 0, 1, 0, 1, 1, 1, 1, 1, 0, 0, 0, 0, 0, 1, 0, 1, 0, 0, 1, 1, 1, 1, 1, 0, 0, 0, 1, 1, 1, 1, 1, 0, 1, 1, 0, 0, 1, 1, 1, 1, 0, 0, 1, 1, 1, 1, 1, 0, 1, 0, 0, 0, 0, 0, 1, 0, 0, 0, 0, 0, 1, 0, 0, 1, 0, 1, 0, 0, 1, 1, 1, 1, 0, 1, 0, 0, 0, 0, 0, 1, 0, 
0, 0, 1, 0, 0, 0, 0, 0, 0, 0, 0, 0, 0, 0, 0, 0, 0, 0, 0, 0, 0, 0, 1, 0, 0, 0, 0, 0, 1, 0, 0, 0, 0, 0, 0, 0, 0, 0, 0, 0, 0, 0, 0, 0, 0, 0, 0, 0, 0, 0, 1, 1, 0, 1, 1, 0, 0, 1, 0, 1, 1, 0, 1, 0, 1, 1, 0, 0, 1, 0, 0, 1, 1, 0, 1, 1, 0, 1, 1, 1, 1, 0, 1, 1, 1, 0, 0, 0, 1, 0, 1, 1, 0, 1, 1, 0, 0, 0, 1, 1, 0, 1, 0, 1, 0, 1, 0, 1, 0, 0, 0, 1, 0, 0, 0, 1, 1, 0, 1, 0, 1, 1, 1, 0, 0, 1, 1, 1, 1, 1, 1, 1, 1, 1, 1, 1, 1, 1, 1, 1, 1, 1, 1, 1, 0, 1, 0, 1, 1, 1, 0, 1, 1, 1, 0, 0, 0, 1, 1, 1, 0, 0, 1, 1, 1, 0, 1, 
0, 0, 1, 0, 1, 1, 0, 1, 0, 0, 1, 0, 1, 1, 1, 1, 1, 1, 1, 1, 0, 0, 1, 1, 1, 1, 1, 1, 1, 1, 1, 0, 0, 1, 0, 0, 0, 1, 1, 0, 0, 1, 0, 0, 1, 0, 1, 1, 0, 0, 0, 0, 0, 0, 0, 1, 0, 1, 0, 1, 0, 0)
Surv(time = OS, event = status) ~ Age + Sex + ECOG + Histology + Grade + RTCT + pT + pN + CTcicles + RTbreak + RTtox + Residual
list(Sex = c("Female", "Male"), Histology = c("Adenocarcinoma", "Mucinous"))
list(Sex = "contr.treatment", Histology = "contr.treatment")
coxph(formula = Surv(time = OS, event = status) ~ Age + Sex + ECOG + Histology + Grade + RTCT + pT + pN + CTcicles + RTbreak + RTtox + Residual, data = R)
